7459
11820
4030
3846
9542
287
3256
5156
129
10125
456
10262
10840
9719
5088
1291
4382
1845
4896
8960
3858
8722
567
2450
1459
2767
969
6134
11375
6618
8593
5059
7868
3034
11551
4355
5932
11745
3698
4383
2803
6144
5969
7436
3833
5904
7940
7204
9842
4195
921
8968
1037
10114
4558
6634
2940
8263
1944
6210
10517
2111
5697
10247
5780
3865
11209
11995
7622
993
9480
11682
527
4403
6456
4329
978
1450
4746
2903
9031
6533
2849
8357
5498
6997
4727
7284
4515
2363
562
4359
9028
6625
9991
8696
10821
2414
7885
6461
3188
6294
7911
2749
5228
2257
8651
11718
7940
1704
10994
3389
11920
8761
9775
2256
10454
9740
7337
9002
8124
4854
7710
6132
5797
3036
11528
7198
11986
10737
3611
9590
5998
3070
11273
4459
4219
6465
8004
8389
7039
2209
4056
9807
10576
11818
2765
8862
2324
136
9130
682
3191
10382
11186
8392
2156
11065
3126
10181
1837
7761
9956
11969
9786
9187
6582
9847
3149
854
7820
500
3573
10749
11697
9174
4857
10099
6740
9550
1800
2200
8590
3994
11077
5622
8336
176
1699
2819
10377
8934
3702
5203
3417
10534
7226
1254
4356
4088
11952
990
5395
11928
3143
389
11590
1108
7112
10873
11367
11973
11930
11957
8202
4863
527
1449
5688
2545
1112
1332
4661
9840
5877
8489
3802
1183
11507
1912
6366
5476
9797
3845
5151
5632
3973
9519
1824
3566
1881
8701
2944
8173
5186
2237
7718
7948
10121
8099
9595
3441
7993
2112
11156
5609
6820
4669
11619
10377
8903
2129
407
1406
9035
465
10776
3
4243
4900
2421
1566
4591
10852
11283
7682
9542
2471
417
10125
9720
1344
7865
3545
1680
5682
3852
9501
3354
1338
8459
9747
10354
6493
6057
7356
2151
3638
8359
8222
402
11701
11842
6921
3262
5725
3603
1629
5544
1476
8365
965
4918
11656
2400
5128
5070
5121
7562
8564
5867
8551
8388
1696
10034
9503
3436
8861
7713
6562
526
4617
503
6549
2501
972
11198
6264
9413
1846
6391
9256
677
2219
493
376
8835
3911
3448
611
10930
3864
8508
11746
4330
12
6931
10864
8971
2503
11317
4513
7578
2013
4519
5566
3280
312
2694
377
8398
10975
9001
1792
6781
2291
2850
2881
11170
7915
10308
4976
2450
5707
10388
7655
1455
1466
5416
9780
10157
3884
5541
7513
11626
95
11671
11415
5035
5524
7727
352
1310
7569
8090
833
4680
1726
1476
10755
3414
11323
4180
4228
9471
7882
3780
7227
5565
8420
6820
2247
11317
10610
8895
7997
11732
8756
6754
11342
1111
906
5663
11279
11849
6201
1249
693
4208
1686
1388
952
10213
7331
453
5110
8212
881
1316
5547
2481
6434
4007
5342
10366
4268
3764
11482
10039
2458
9456
2219
6854
5204
1953
2463
7553
569
9011
6039
1300
7432
10581
3969
2493
4005
6197
1634
4772
135
6188
2747
432
4871
2949
523
2570
3413
9362
10236
914
9584
6686
6589
10120
5342
11830
1847
3686
5601
1929
690
7248
10803
6475
7012
8094
7134
1991
4631
11145
5243
9347
3932
3437
8500
11301
11915
11313
11540
1683
7945
11080
797
7899
7705
8792
1150
11011
1426
2122
6561
10653
3404
8963
11699
1371
4162
9409
6091
10745
2289
227
10202
1703
10093
11695
4104
5974
7609
1851
4073
4444
11377
10756
8390
7416
7576
3284
5100
9397
9667
5233
7151
10998
6676
4240
6559
2894
1545
16
10684
1525
7700
7832
4638
1320
28
973
10086
11709
7950
2081
2337
3040
1060
7793
8649
9753
4011
4062
9031
7770
10926
8774
8623
4025
2525
4015
3844
1443
1502
8323
7011
375
1397
9701
2037
11621
11256
989
9070
2652
4834
10297
6548
5489
937
810
11201
9942
6656
6146
1882
5491
11868
9773
3880
3109
11295
1634
6515
8645
1752
4193
317
147
8904
5515
10975
6584
7938
8800
3512
10927
3998
1957
3783
10385
7046
7329
7374
856
8045
2629
2423
11205
6880
5415
10581
17
5440
5106
9515
2797
9564
593
853
5317
1273
9906
9347
2942
3798
1191
2304
10212
10313
11440
2968
1845
3179
10915
5551
7534
5636
1185
10985
8532
6496
6929
11249
5982
4324
370
247
9321
10922
2223
724
7817
2632
10469
5600
3382
8031
10060
10376
6314
4079
811
858
7457
3556
7314
9526
4504
2860
7585
187
8775
8809
8478
4375
11775
4006
1557
10060
4212
2697
5153
1750
1854
8722
775
6963
2742
10233
8801
9305
10738
4319
7580
11013
3232
2488
5582
11859
4109
1159
201
4672
10611
9893
7040
10524
10782
6042
8248
723
484
3811
11463
10320
1735
4448
4379
2675
9217
4310
5700
921
5267
3067
7466
11782
1553
11051
8232
2231
3829
7032
3526
9836
10797
5218
1299
9440
1077
1270
1740
5909
5624
9407
10880
11247
2696
8413
5837
10218
8549
3401
8312
5908
5535
10665
8159
5283
10122
748
6361
2801
8606
6075
8680
11556
5865
6070
5531
152
2494
4610
4304
11676
6037
8016
1410
4624
4718
468
4713
4546
3235
9793
2853
5416
7598
8056
2078
7382
5910
6179
1794
10560
8171
29
4925
6920
8823
10967
6488
4079
4707
8849
9452
7945
2498
1726
979
9680
3359
8253
594
6318
6718
11840
8586
5660
9511
10073
6138
4676
8107
2712
8218
2688
5363
10816
2175
11963
8852
4079
7290
11134
2297
1441
11190
6982
600
5349
2067
11633
7572
4737
5099
5126
4593
7883
3208
9530
11903
11737
8508
10472
10073
3146
7317
4907
11458
3590
8507
10392
6010
4646
2307
836
8832
8298
289
4878
4205
589
1349
7549
535
765
8893
5724
2804
9164
7233
3194
9548
9549
2374
3765
10282
1381
3912
6839
8489
4772
10677
1319
925
11393
3047
2404
1938
8581
11540
6032
11888
1212
8326
7195
11471
8598
11698
5264
6842
9748
3385
5705
9944
1779
10699
3223
10275
3090
96
360
10574
7100
5626
1990
11500
9953
7043
1874
3374
8494
6021
2625
4395
1210
8965
895
10473
8459
7303
9520
3943
7437
2979
1606
6880
3764
5988
166
3611
11379
8370
8957
8239
9667
10996
5517
8608
7278
5741
8198
6108
10078
8354
5109
7082
9974
4336
2386
10329
2073
7580
4123
8292
3692
7313
8533
5019
6196
1047
2545
3811
3462
7781
80
11740
965
6638
1606
10793
9066
7386
2351
387
7003
6970
3680
11373
6456
4248
10672
3346
9211
9490
791
1219
6547
8049
3826
11465
8420
10746
9923
3311
6324
11058
4502
1392
4931
11129
293
1970
169
2905
9436
2818
7360
1368
4763
7204
4342
11885
10884
9175
7233
1099
2555
6397
531
2603
10129
6340
6725
4781
3455
7410
7394
2750
10672
887
9985
5277
10667
8123
20
6800
5789
4433
11458
4380
10491
6475
220
11443
2126
5633
5633
6589
7997
45
3583
534
3998
360
9635
7434
10873
11220
209
361
6070
9623
9077
2639
10606
9003
1044
5031
9089
5773
4611
11429
1185
9496
8743
6769
4344
6531
3579
2268
6474
4123
6971
8924
7507
11406
8204
8336
6458
3614
9082
10487
9563
10028
6729
3029
3505
8830
6081
1902
3457
6953
936
8795
4835
10441
4801
2993
8167
10493
10456
3584
351
2534
2208
8772
2853
8101
9309
8228
6028
10176
8772
11953
10763
1881
5077
9030
6008
1991
8801
9951
11564
746
6142
8872
1581
5792
689
3170
11773
784
9410
11135
6232
4325
10976
6376
5958
380
11942
7726
8916
7151
3151
1953
8377
3639
4915
9508
2735
1738
1122
6835
1738
4647
7329
4434
11192
5792
6274
7913
742
8134
7894
7681
11189
1880
10037
3721
11081
1071
10505
11076
2948
6391
10872
9179
3568
8761
9736
2120
19
11891
7629
3213
2069
11956
1773
9893
3549
893
4163
6032
2908
8561
7204
6155
3995
4124
3153
7867
10418
2462
1098
8923
8428
11310
6038
1966
8307
5029
8777
6831
10628
1531
2994
5641
1511
5846
4723
9566
4123
3203
11869
4168
2218
4196
11030
4679
9351
723
6
7333
4712
3880
2820
67
5115
11826
5867
3422
8730
8879
11064
10419
5504
2705
389
6450
9993
440
198
4928
10456
6941
2984
11433
11585
11107
990
4569
5118
1280
10116
11488
4852
6264
10054
4229
6203
6316
5365
5571
3493
6717
10448
9992
488
7123
10908
640
1521
885
2771
4883
7641
11880
11343
3044
4747
2122
11182
7352
10549
5535
3756
8931
485
9738
7764
5808
3307
2563
10987
6484
9128
7250
1656
11499
2050
9857
5984
5761
4283
2428
2371
7021
10806
1800
10190
6961
7118
8657
1722
2775
9518
567
7871
885
3618
2187
1789
8650
10435
9706
5311
2418
8398
807
11329
7239
4025
8040
2805
804
1757
4486
8067
5879
2589
9934
10354
1525
9649
9533
11286
7818
8749
8988
998
1581
11227
10830
4132
9801
2976
9187
10705
6956
9650
5662
66
4375
11336
2565
8736
83
4814
3722
10871
4205
5623
7421
5408
8091
5675
2810
657
705
3051
8147
3183
5641
6855
795
9257
276
3677
703
11992
1137
1177
9361
7467
8446
6732
2786
4732
10128
6825
2121
9523
3220
2013
10754
3842
6670
6781
8603
11264
1918
3541
8329
897
6470
1226
4692
9380
4815
3624
3154
2120
6599
4567
9047
177
9877
4511
10217
3760
1566
1767
6064
3286
7877
11820
227
4230
10559
1650
2910
2728
2203
8884
1951
6957
5641
3846
3189
761
4650
6220
10591
6831
5712
11060
6779
10928
9492
11258
5229
4216
4011
5326
4400
11742
11124
6538
9387
9398
11984
1919
10436
5404
1588
3516
11761
3441
1280
9608
584
4999
7263
2170
11169
4327
8714
4907
7862
4583
11024
1568
8750
6341
11950
7004
9520
1581
5167
5577
1481
7591
2733
7038
8414
11921
3392
6877
10043
7608
3456
400
7383
9324
11148
7460
9091
3938
3854
1721
10168
11176
4631
4784
2965
7641
1628
9226
5434
8396
7731
7742
907
4641
9795
8124
1436
3730
11237
5640
8811
8817
4564
9709
1869
5891
9576
8336
1562
7791
6520
5834
8460
9959
1401
2721
11017
1306
10937
9441
6845
9475
7321
9716
11664
11137
1996
6814
3271
4645
5059
8947
9007
4441
714
10226
2680
10071
9351
5284
6734
11478
3381
6655
1720
8442
10871
10400
11702
1624
6302
9235
1220
3597
7483
3535
10797
8593
3632
1125
9690
5384
4120
10632
707
2789
4117
8453
383
9746
4577
14
10660
7725
7525
2020
3468
4439
9532
3777
1171
403
4568
2427
1868
9819
2069
1075
4851
2611
7113
10304
10295
11114
1021
2455
2314
5022
10473
10306
45
1600
1419
9436
1239
5055
8590
553
7089
11106
8347
6475
9629
10387
5886
2182
8010
9276
1495
1527
5317
7054
8593
6689
3336
7995
6712
2334
6758
2071
5356
1724
6812
6413
9861
10643
5166
1464
9907
3019
2157
989
3258
11514
1033
3672
1600
11114
3857
9968
2004
9883
7082
7215
10611
6561
1542
4718
2505
1572
2698
10554
9601
4272
2480
3355
2471
8894
7884
9080
8631
10678
5760
9065
699
2038
3793
9131
9132
6389
8685
6555
5931
10410
5882
9979
3726
8000
4940
5054
3086
11091
10720
3699
7692
1745
9069
11276
8162
587
8530
9839
2884
645
822
10783
10109
11052
4471
8822
1874
11834
9904
3154
8958
3136
6742
997
11153
3741
683
7396
2524
2658
2535
1255
11148
1779
11401
5005
4955
11249
5885
10148
1884
239
9431
7112
3442
4147
477
5416
10069
5043
7137
3124
2382
7327
11437
849
4401
9029
1873
7296
7286
9122
3180
6413
4907
4449
2667
2633
7736
4506
11326
2555
3090
8345
1157
4577
9680
5232
7772
8606
8699
7478
11292
1867
2373
7971
8932
4216
1911
8476
5382
3016
248
11637
4215
5726
4719
9881
9011
11817
3024
10074
4770
2415
8333
3765
8383
10311
8344
9268
11567
533
376
9578
10638
6615
10236
1253
4835
6048
2688
1914
683
4065
3703
9897
11924
8025
9527
4855
9094
3065
6729
2733
1628
3561
6953
4575
4625
6087
6007
5991
4021
196
5221
6864
11875
11226
11677
7041
5846
6726
6944
5252
5667
6746
1380
11368
2515
2335
4855
409
677
6033
4914
306
2751
8969
9941
10482
1857
9371
7803
6651
938
10877
5759
3043
214
9976
3058
363
7206
8239
3729
6331
9473
8697
7448
11514
317
2798
5197
446
10189
4816
5558
8647
7382
4429
3067
8175
6838
5359
3941
1734
1471
6556
2799
4115
10448
2353
8663
1890
7145
1343
9571
7780
2308
2433
6534
1029
2979
585
3402
9340
9303
4241
9316
5614
5103
7209
11025
3686
4430
2022
7216
5700
10819
5327
2325
3480
9026
848
4960
3415
335
3737
2112
872
8273
7891
4730
68
5674
2819
7059
6540
2514
3163
7282
52
6785
9728
8566
9741
3929
4148
9522
8709
5923
1821
5381
6039
7128
5750
3860
4331
10334
5226
746
2377
1189
11972
11608
11480
4291
2491
5888
8177
9706
6753
5750
9777
6537
10219
2633
119
4386
2387
1362
3353
173
10617
957
7301
8740
6939
6981
3117
5039
11888
6251
10420
3417
7085
1229
1033
1639
11378
2123
11667
3733
5796
5977
6550
6656
10400
9503
11006
10931
1292
6358
2385
3098
4667
9878
11494
9726
676
10908
3815
7133
9247
3433
11334
7688
8687
8157
649
4645
11958
7900
3321
6991
6981
10944
8061
9574
4140
10916
5347
6097
2362
10768
11453
7073
711
11690
4660
11904
9400
3456
1510
3538
437
2757
1520
9919
3831
10469
10632
556
8335
9644
4944
10988
6192
11117
4912
812
5131
9221
4209
8145
2087
3994
4827
1012
3693
6543
2771
4120
8517
10934
6811
1858
11372
984
296
9046
10704
7771
899
8130
8151
7456
3447
6925
808
9207
10592
6923
5549
1504
5128
391
4987
10093
129
11073
2181
8083
6828
6323
197
4400
1334
5833
2911
4812
5758
9843
9171
6200
11213
11846
7505
9499
3449
7266
4987
11938
6461
446
9731
4731
11473
7524
3660
2291
4066
352
2787
3337
8967
8635
6165
929
4180
5789
2029
9509
1633
4748
6322
6449
2409
7096
2874
5384
10882
10314
7967
802
9729
11854
10833
11881
4794
6935
9822
495
9162
11586
7580
11598
1568
9432
3491
11872
9413
8081
7985
4550
3135
6686
9009
6766
10628
385
6025
2557
7598
3783
7353
1824
439
4500
6506
11085
4181
11039
4349
3802
5481
850
6509
2315
1358
8413
7390
6119
10547
7550
9489
6254
9821
893
11395
8974
4544
533
1941
5690
973
7376
9414
2324
7443
4572
5560
7762
8621
8601
10322
10013
7367
10258
8816
7974
4515
2675
1008
8359
4021
10967
4868
9424
9443
7743
9491
3480
9601
871
5732
11059
4516
10355
8373
2676
5387
6037
1634
1753
2349
5060
1071
2144
11168
7660
5460
11991
4777
9789
219
8344
7681
3484
1238
1976
8809
4570
6703
5288
7234
445
2557
3940
9470
8118
4703
11073
6689
10594
9861
3464
11207
5851
3213
9937
3968
5343
6529
7597
2543
9875
1417
5147
10262
2083
4668
6587
7636
6493
10373
9007
5109
4208
10540
6990
7418
5773
2417
5287
520
10620
10540
4995
5999
2730
10703
6373
11319
1731
9663
11722
4985
10671
4308
6429
7866
4024
1352
5318
11403
6237
7325
6867
2345
2226
2687
11634
3894
709
9363
5431
2784
11124
3800
2284
846
11102
9867
11184
3968
10080
7466
9884
5146
7613
1703
6696
7444
10298
1773
11264
11210
964
2404
9728
5753
11874
11809
8455
10979
4176
4515
5720
1099
6688
7271
8239
10541
2338
7454
5363
11594
6182
9931
76
51
6907
8315
4563
9277
4073
3874
11182
2632
10091
20
11095
1059
3036
10434
8576
6916
5855
4268
5235
10777
9426
8750
8875
10904
7107
1675
4675
11529
11063
9853
3650
11809
3603
8545
11015
4454
4141
7223
7131
7575
116
694
2124
11137
6302
9729
8053
6710
1433
11732
5681
1807
7926
5870
6453
10139
5696
4243
4174
498
8680
11248
7209
3722
10667
3282
670
11356
1374
6185
1107
3130
4445
597
1641
1243
8171
5414
3254
3734
11177
5019
153
8830
1202
769
5617
3190
1332
5422
9709
9344
10622
774
3488
3387
7062
11688
10039
7134
6166
10086
6683
9431
6210
6095
5146
3240
5248
10686
9254
10335
5509
545
894
4126
11643
9753
2525
1094
511
2068
436
758
3809
6142
11243
803
8814
4001
10788
6188
2889
6384
3641
507
4102
3290
8832
2830
1444
8130
9214
5441
1581
11314
10059
1589
4963
3973
994
3338
8322
4667
2335
10012
9192
1544
2140
5477
11092
5320
2001
9652
3335
10834
3615
10142
9187
2569
591
9789
8174
643
2773
5164
6847
8217
5475
7710
5149
9082
7631
9214
2767
11387
8716
690
11451
8059
10637
10528
5279
10399
9441
5870
7172
659
10719
727
8734
2138
2030
11191
11557
5347
9433
4407
1638
4323
1407
11559
8409
3913
5972
8175
8087
9112
11733
11417
11695
5083
6875
7794
11049
9444
3810
9881
1389
6717
9194
11114
5040
2571
5479
11641
2615
2512
2944
5469
8739
10172
4312
1762
8125
2140
5617
9191
3090
1490
896
5586
11159
738
563
5936
3439
4902
2015
9895
10746
4666
2036
7478
9252
352
10006
4508
10475
7468
4695
1650
9957
4067
7608
10483
10799
4951
10369
1101
469
3978
583
96
9908
9295
3865
3545
10923
7257
3424
775
7224
1137
4637
1165
2191
8417
426
6152
6562
1530
97
11858
9703
1369
1432
4405
7003
4709
1368
11975
9131
5877
2551
5077
8531
7588
9284
1247
489
9820
1134
8520
2474
2898
5422
1554
6181
7698
1314
9154
3804
9909
1970
10212
5559
6789
9402
6711
5328
3630
7232
3461
11519
7383
9446
2622
843
2436
6555
4807
5709
2523
8226
9740
11267
1025
1482
7905
3867
9665
2017
10551
2829
2635
8931
2651
9857
5679
8382
6061
9337
11442
9189
8150
3938
11626
9318
517
5584
5060
2525
7237
5818
715
3033
10143
5939
6067
1217
4223
4042
1868
4666
7063
1164
2472
2780
10535
2252
6329
7238
579
9506
10056
5214
5921
3875
7715
1132
4972
5119
8498
8044
9898
11784
4948
9397
6010
5848
2215
5966
5107
2471
4483
3187
5323
5434
3838
8889
9255
5295
1257
8604
8826
2181
5236
5172
7308
330
4779
11276
8352
7134
4026
3850
10611
11385
11779
11934
8679
1815
473
6648
8608
5717
9854
1311
11109
10563
2723
3584
1835
7008
3503
9643
11785
11524
9266
4946
7844
3134
9008
5080
3907
1339
575
5455
6755
1281
3556
6294
24
3579
10820
7398
85
9962
9033
9590
9574
5972
5603
4536
11539
6460
1922
5807
5840
6462
2615
11580
5425
11276
3704
5320
3500
3165
11149
11035
1380
10092
1211
4423
10935
6244
5383
4202
7059
6832
9326
9404
8477
8776
5364
8146
5476
2338
3474
9600
10759
638
6609
11414
8662
8226
4315
9733
10343
4463
6244
313
307
4467
60
6824
10800
7727
4603
2536
1068
4224
6836
3977
413
3989
8215
1931
1207
8522
6525
342
8670
11357
3096
1217
237
8263
8483
7532
6721
11207
2263
8448
237
2161
4587
1820
3984
5210
10403
2002
6526
2128
10005
386
44
7716
3610
3912
8348
663
1129
8924
6044
9539
1117
10331
11256
9794
9085
10911
4729
187
8939
10920
3852
8111
6244
3817
9310
6587
2358
7962
8574
7449
6157
6572
326
1359
9163
9001
9177
9751
8331
1579
2676
4666
10569
5802
6610
11680
10277
5562
3997
10712
3746
3418
1928
1508
239
10560
6540
8915
8858
10179
7938
3836
3039
7355
3745
810
10565
10387
2239
2693
2453
6636
11666
730
6881
4518
1325
8562
10536
185
423
11311
5323
727
6431
9869
5332
11403
5854
3862
1281
452
6785
8503
1369
3443
8545
8656
507
11922
952
5890
4390
4284
10396
3187
6671
8347
11922
1184
705
7000
9902
9427
5891
2613
2630
6117
2627
10563
333
10154
7160
5252
9577
55
6376
5445
9958
5375
8593
7508
11212
3803
9903
11336
2513
4900
2426
2273
10767
9716
1033
1256
11060
8121
2668
10712
201
650
9365
5387
5436
1032
10347
1360
2925
5309
6341
6882
4434
3534
2260
11485
11997
8535
4912
987
10910
11093
8161
3531
3433
6081
5220
3749
10981
1769
8290
415
3328
4417
11717
3611
5485
2690
10187
2501
10450
9123
2142
8198
8872
8992
6697
8018
10977
403
7787
5580
1705
7297
89
5747
1049
5277
11460
10327
5938
10761
4226
3756
7814
6995
8577
7624
11140
3733
11682
4985
6632
11216
3799
7774
10853
9095
11759
11480
7114
3508
6644
6365
3224
2304
4293
10073
7661
3700
8483
8405
5123
11201
5199
3296
1183
5657
10355
1726
11885
11625
6660
8339
1669
1995
6014
7938
5865
11881
1891
9844
4271
8316
7635
6258
11977
2110
7389
11323
10583
4473
598
8478
9381
11607
6603
9013
1788
1452
4769
2393
3503
4134
5943
2949
9333
1378
2714
11978
1539
4272
1041
7065
3816
5228
2244
9610
9641
10867
2195
11111
9758
9766
11736
6628
4937
608
6920
6188
4915
10277
9641
3538
6562
3784
2514
8691
5822
4618
4596
152
877
9278
579
8470
229
9154
9576
4963
7044
10835
404
9987
2106
4121
8495
10042
8126
5644
9139
2291
3887
4952
8685
8772
3890
11304
9687
8573
11619
3127
11667
4700
481
2196
10217
9142
3704
3092
1654
10811
7137
5325
242
2574
4886
777
6181
5517
5126
10667
1174
4866
2173
4290
10304
6666
1061
2079
6274
5368
8348
8302
792
7858
3787
9808
3925
9311
5759
4693
11711
4368
6984
4656
5147
11705
10048
6994
9848
2979
2686
8840
11281
2421
4490
9180
1383
9014
5871
9596
4752
9252
2624
6348
231
10866
1292
8579
849
8735
7839
3846
5480
9322
2734
3096
9429
5557
1589
4378
6350
9988
9861
10231
10475
8314
10911
1651
79
8093
10821
7894
2432
4440
8915
102
11185
9983
1787
5858
5231
4091
4921
11244
7491
6604
9609
6818
10941
9795
11910
4202
7372
9254
10736
4520
9953
11639
1970
6955
3617
8923
2595
1015
7626
2825
11394
5855
4339
11498
6587
4080
9324
1361
8120
1963
2361
4142
879
4846
2748
6698
1170
9735
11485
11147
162
10693
5505
3110
10765
2634
11080
4535
10545
7453
8818
4613
794
5184
3407
1739
10759
3958
11312
7217
10296
6033
7089
1632
5843
3003
3793
5306
3640
5563
5178
1208
10481
9744
8939
3953
6067
10601
1206
2225
2165
11600
6828
9959
2265
7766
3668
4090
7356
10690
228
11408
2657
10014
2348
6289
6814
865
8565
6550
1064
9913
2910
10663
9263
372
10492
1791
6424
207
9176
4822
9577
2198
1981
9605
10230
9210
1518
6997
6645
7150
3871
8151
6366
5572
10778
3618
7093
7704
11769
7391
3008
9980
6147
9933
4031
9680
4253
9526
5266
10324
2411
6947
7011
1790
8278
2516
10239
11876
3005
2983
10340
2098
7724
8509
11146
5048
10279
3171
5955
1442
11991
7959
10218
8249
1407
9148
5996
10878
4579
7234
7011
10409
11364
6273
7280
3165
10559
4518
3825
704
11379
6661
829
9367
8872
7788
887
37
6303
3310
626
10599
6369
9684
4977
11818
9305
5653
8782
11978
5514
7044
6168
4586
11311
5791
5268
4809
8675
11932
358
6034
5628
3740
5406
6071
922
3916
6247
6961
11150
6969
3266
7241
259
4437
4459
726
4591
6527
6161
3495
3206
1031
5450
6719
11148
7066
8406
1355
4654
4214
11904
1433
6027
11044
7504
1803
9917
6832
4264
7643
2258
4413
946
6929
7903
2669
9084
7273
7199
6091
783
5146
9325
8097
869
6483
1177
6507
10152
1032
4871
9589
3077
8518
10678
7518
4921
2830
1259
2876
955
879
3497
7003
2632
3671
8099
4540
1874
6350
8284
2418
3903
7550
7481
3861
5849
10441
11909
6618
2473
10113
1212
5691
11896
781
7053
244
11054
3296
5621
6169
8926
9015
1460
11958
5165
3870
10866
10063
10810
754
7270
4849
2118
927
8643
9547
6329
2115
7847
6271
3329
8366
3246
3196
9642
2410
10537
9448
11129
3420
7871
5006
3976
3523
8762
6115
10239
3270
7113
8238
6185
1524
3891
8501
11088
6794
1555
3868
2869
1067
286
5957
3144
11502
1391
459
3709
10119
9971
8517
5427
6696
6986
7240
4701
1569
10326
8688
8382
2910
5309
5186
4960
11253
5232
7781
276
4670
2157
5912
7755
4965
7101
4058
10296
4623
5083
1156
11464
1969
198
11006
7522
8090
6971
4669
11103
9593
8678
9037
1941
4071
11149
7293
10120
10424
11775
898
673
5770
9998
5032
9104
6662
3545
8099
3593
10676
11943
10912
1100
9189
5599
4653
9507
9242
10776
421
6192
5881
243
3422
7055
6224
10222
7338
1031
6723
6440
9371
11529
9708
3661
1732
9970
2270
8036
1017
7754
5896
3944
947
3492
11008
10645
8389
10222
664
5218
3346
8593
10139
2634
10771
10643
7981
1679
9635
10793
3372
6631
4545
6087
194
11173
3551
10451
2234
2957
6420
3890
6258
6582
6705
11055
471
1431
351
10491
6939
8894
1395
8151
67
949
7437
2377
11046
10901
10171
2594
6449
11274
5102
307
3734
3431
11951
4791
9404
2442
848
10983
929
7042
1495
11593
5268
10225
4893
11348
2920
3101
10014
536
10934
5060
8963
9671
3158
9169
3736
1073
11213
10864
9570
4603
7327
6613
207
5489
110
3174
9036
2369
8713
7365
1127
1163
3560
7011
2595
3267
930
9753
3526
852
10154
1906
10841
3652
4048
4328
6068
10666
3428
506
3837
2569
11170
1601
2288
10401
4241
10175
10175
5216
5501
8619
3548
11922
10796
10026
11282
6396
8960
4304
5519
237
2855
6791
4276
149
6382
2459
6983
8967
11689
7959
7664
4713
351
6394
749
8850
8312
5601
3173
11006
10723
10065
3480
10989
1544
7311
2027
5784
3872
11656
2236
9472
8458
9672
6947
7668
3713
8543
10517
3082
6742
4678
4193
9184
3550
5533
9613
2728
5542
4533
2920
9014
8794
11322
10054
6297
2314
1248
10169
9614
3592
1088
2954
9586
4251
8454
767
2375
9432
6134
6057
4987
7814
11860
4461
1505
10742
2511
4262
6601
928
5773
3546
10792
5564
5543
7449
11451
7377
8105
9321
2430
10314
167
7380
1459
3958
9281
4649
2074
6711
22
2483
9877
11932
5480
6911
5302
1890
3198
10322
2817
7321
5634
4682
5645
3768
11574
2531
1579
5599
580
4387
9373
4697
7667
30
10434
7322
5832
6261
11192
9460
1903
5303
1530
10251
4344
7907
4034
2649
2252
3547
7609
8495
2732
4728
3112
5477
1128
3483
4193
10254
9343
7565
7406
3067
5487
7620
9912
671
9612
4796
4754
6272
7048
8788
8655
7374
5121
3238
9728
11064
8545
4712
8205
9226
5783
9108
6452
5542
8951
1448
1042
7857
11577
5366
7547
9611
9574
3452
3969
8496
11246
8726
11367
3370
9970
3110
8251
7681
4395
4640
2702
11266
1575
9493
10926
4365
8395
5535
1116
48
5989
3162
965
5983
2525
625
8101
7581
3832
6800
4953
4025
4771
570
7201
10562
11091
8480
11965
4652
11704
11297
6302
2178
10884
5358
8299
10911
2857
2270
6235
9761
3557
6594
7750
96
10030
9508
10886
1493
9047
5297
2093
2798
2928
650
4966
6186
2412
4283
11441
9187
5581
8363
8628
5206
6480
3451
9157
7086
8938
9390
9095
10579
4509
3580
2989
3368
4079
1530
4467
2324
10801
323
5104
3238
7460
1857
1895
1061
4178
5214
10680
8937
603
4464
7269
2947
8251
1483
11747
6409
9673
11040
10621
10979
5402
9460
3932
7505
1347
10560
10388
3709
10395
7387
6792
2230
6396
3411
2724
9433
8551
8418
1396
2621
9427
219
9028
880
6386
9613
3837
2774
10164
705
1856
466
1664
11715
4344
6574
4735
8841
396
9148
6761
11521
8660
1690
10355
11624
9674
10931
10272
3623
1367
1358
7838
7743
8657
8071
4791
7338
1816
2515
3365
7463
3441
9026
7769
5606
2358
11824
5922
11993
8679
2198
5382
9661
1515
6144
7829
7658
3427
11509
4333
10280
11796
8985
10790
1166
6585
8868
7508
11382
8807
11490
10882
5254
98
1571
8395
8806
7333
9510
2899
7030
7092
3675
6211
8037
9068
11299
7481
2294
11113
11399
10645
9695
1664
5381
7449
2140
5651
9605
8131
2576
11766
1150
6760
5135
10107
3391
8598
7041
1709
5721
8517
3370
11387
11852
6591
10556
2546
7618
11439
9684
9283
60
5701
172
3083
4799
7236
353
10829
4297
6227
11752
5591
9614
280
6548
1788
600
2981
10726
1863
2201
2027
2850
10446
5662
7167
10194
10294
10895
3586
121
9896
2127
1251
7146
5655
9180
4871
9040
7967
3340
2752
4624
8224
5744
1751
11577
4982
11589
7857
6600
1960
11172
3629
8731
6511
10891
8809
7377
2383
11828
854
11797
5295
6358
5967
319
9828
484
8414
3493
5508
5212
10469
9680
6764
8220
3302
6212
9531
5475
420
8362
4817
1161
8005
1715
10414
1382
529
7373
6209
596
11517
1566
192
5587
2108
5797
11247
8013
10309
6578
7229
7172
7367
9062
2561
3610
10674
4608
10759
3544
4914
2311
7750
1825
4871
2957
3806
7234
10397
8675
9109
6429
8483
10702
10643
3671
9193
5232
114
10733
9428
9241
11964
6958
1078
460
11334
11450
6018
353
9950
3710
1799
3982
3433
7772
2516
8073
390
9999
3462
6389
7955
8185
1592
9667
6032
1440
6664
5949
11541
10599
113
2021
4342
7484
295
1994
6265
8315
9682
4723
5834
3957
7919
9780
7755
5386
6345
8155
2150
8881
10666
10620
1769
3924
4900
9869
10050
9644
3560
6093
10906
883
219
9564
8510
546
1192
102
8114
10893
1007
3946
1061
4790
3670
11618
6673
2655
423
1780
6581
5939
8766
7862
11323
11480
6980
10423
679
4905
3179
10756
10209
9492
10156
8134
869
1514
838
8427
10318
6060
10120
3465
11685
2686
7171
2557
2069
1989
4016
10025
4921
6281
7251
9378
5746
40
4211
7914
5166
8667
6748
3123
7428
1297
10933
2122
5802
3036
1618
9704
3098
3954
8725
3199
7644
10540
7427
9436
603
49
11139
10477
7381
9268
6256
6595
129
4714
1073
9160
6008
1141
8095
2602
871
11455
1201
7563
2405
3735
6652
8644
568
10050
7900
11803
240
9117
8501
8517
5574
2570
5091
6241
11375
2711
5487
1483
132
4109
1436
10970
5934
6257
3309
5962
6536
5734
1298
2641
2217
3908
6207
3826
10835
233
2884
3933
621
9501
4680
113
11767
6183
4
1961
8750
8068
4133
3948
9588
4906
2860
6910
11880
11615
3415
3474
6465
7836
287
1205
9951
4227
3124
10578
9108
6873
4876
505
5258
10543
6641
2233
3317
7244
1386
6822
8017
8648
3787
8216
5109
9433
5880
9063
9974
11429
2039
10041
8097
1723
2003
9283
11225
7436
5228
2869
9803
3899
3825
7957
8430
7310
10626
11211
2559
1652
5660
4568
11583
808
2361
8216
9690
10239
2304
789
3514
4481
6077
3340
10628
4942
2095
8586
11290
11053
8750
2189
9648
10874
6221
8513
5701
2536
6601
1350
1886
11679
2710
10509
7979
150
3009
3976
1317
11667
2507
488
5950
7070
9360
8956
10361
944
4067
3029
4766
3066
8744
1445
5787
8067
3892
1442
402
9069
1431
11553
6603
7791
5424
11538
3092
2723
2041
10999
4572
6433
5718
8365
865
8957
5326
8521
9066
6415
2326
8234
8364
8635
504
11838
4890
10530
5797
11320
1110
7323
9045
6962
8782
1473
10235
5138
6393
9222
3840
658
5236
3193
9320
4184
952
4318
2686
6848
1334
9596
4218
8048
625
7790
7986
4757
11253
1169
813
3295
10132
1724
7602
7596
122
9053
8666
5398
8173
4187
2786
11578
11898
9123
9137
8038
1998
1693
8093
6068
932
7608
7077
10053
8644
129
7218
662
5907
10822
7535
5343
2981
8162
7663
3986
11798
6527
1872
4019
7766
10200
4165
26
556
3490
2730
106
11864
934
11808
6771
10159
10777
2266
8076
5806
520
8729
4971
721
9331
7066
5535
6859
8438
3358
7810
1320
7381
6182
6333
8788
1088
97
5295
6228
10228
7693
11415
10464
9154
369
137
4201
1957
6217
7703
4510
1797
10955
6948
11511
3615
10808
8297
2137
3715
10551
9536
6389
11419
1645
10307
5358
10119
8445
6091
1554
5513
10937
1604
8746
11677
8259
11075
2486
6856
10479
6789
7907
463
4668
5590
10142
6749
11261
9670
6836
10966
12
11050
1751
4583
3569
561
7336
1204
6739
7922
6400
8335
4993
3684
2673
5988
4576
360
11042
11359
6757
2970
624
1386
4384
2511
11634
10031
7807
11573
8106
2424
1582
1300
11053
9781
5068
5378
8551
7093
1090
1482
8468
6070
3299
7797
2204
2681
10697
9772
3849
1851
2958
4176
2497
1498
10790
9833
8271
6062
11512
3067
4708
4031
7342
6929
5697
8709
6602
711
6031
6577
2111
8039
6897
3063
10494
3986
3271
5408
4950
10228
3196
8544
6231
6141
5303
499
155
1067
2702
2820
4913
4612
4494
4887
9781
1913
10699
10675
520
9204
10233
8687
3834
7822
10873
192
7711
3946
10765
5828
10277
4920
7038
7800
9012
8918
8489
2550
752
9006
8047
4731
813
7333
887
1699
6964
198
9542
4425
6605
10195
10274
7889
1628
3408
5229
1448
873
5795
4512
5559
4907
3456
3350
7455
2067
384
9899
8975
4274
10607
3006
8744
8075
11279
363
10230
10701
7335
8029
8965
2616
8731
2162
2292
1114
2106
3056
11510
11980
9831
4257
5124
4022
10992
11481
3141
2533
2760
11513
1962
253
6880
9961
3407
413
6686
4927
7752
9713
11117
5146
7388
1831
11582
8028
2836
6090
1349
5305
314
1407
1292
5639
7902
425
8368
6512
9615
963
2118
4169
3259
1479
9774
8082
6942
8186
6238
9601
10488
7801
11221
2909
3694
1588
6249
2351
9502
9440
1073
11392
2631
9196
8123
3177
3074
4207
7251
2611
11081
7369
890
3297
3875
414
8063
5435
314
9190
8331
2896
10067
5013
3834
7225
10620
6833
2978
9196
2503
11061
7113
8807
4644
11347
5735
4250
11579
1416
265
7387
10512
4264
1388
3651
4780
613
8235
6084
7311
2453
11329
6301
8971
5814
5301
7745
4458
8656
7771
10437
8489
2772
1582
1715
1514
7113
4766
10074
3057
11725
10130
3246
9977
10703
4308
9037
601
3145
6378
4198
9616
1026
6833
8756
10986
6253
6754
8719
2885
1841
10397
993
1740
4241
261
6566
9963
1292
9842
11684
7799
5100
9801
3749
5964
5332
10246
5043
2325
8003
11062
5158
8880
3777
11939
136
2648
8130
3753
2855
1783
5404
11405
11057
374
5895
4987
2697
11841
1520
5343
915
3699
1468
1602
4963
11706
8425
206
6773
2995
6528
9235
1659
7799
6184
8499
7732
9695
164
4921
8171
11063
2137
4135
11325
9537
10843
7035
5939
8706
6563
4159
8385
10202
5383
3362
11820
10501
10928
3117
1573
6413
828
7100
818
6186
2127
5383
3731
516
2163
7578
11851
9495
1154
7731
1227
3607
7793
5510
1222
7395
9615
3457
468
5252
3698
1556
7471
8043
2506
10340
2765
10836
2189
2009
6280
44
681
7742
7695
8598
4190
385
1102
10525
7429
7149
4158
7396
6969
4732
10181
8598
4582
3439
7284
1243
2230
3437
9641
3739
2581
1182
10376
7675
8501
5346
3321
7644
9911
1272
42
5978
4733
4974
9008
11103
6343
4175
5709
340
7028
2621
5760
10434
7384
5105
1672
3966
5426
8175
9988
1037
10377
7407
10868
7196
8671
8414
6957
2597
11664
11468
6528
7690
3870
587
7385
3507
11226
11431
2896
3710
981
6085
9820
3025
8242
11015
9173
10561
11038
4994
453
8750
5965
747
3869
7220
2041
11324
5043
5929
11358
9894
5727
11215
11438
7713
6639
2166
5898
1387
8394
2802
9109
1408
1743
2068
10974
5050
5013
10465
7783
10307
2617
9381
2302
11418
7905
819
8810
6877
388
1152
6783
3441
7508
10933
10204
6724
2619
1486
10215
2378
9760
4138
6880
11633
10036
1412
3285
7176
6079
1358
16
11855
4062
2444
4276
9624
9127
11018
11448
3457
7852
8345
7887
6587
2522
3567
6028
3514
10475
8672
4609
5610
3672
11671
11871
953
2939
631
2066
11202
9902
8120
11397
11842
5719
2793
6750
6077
9045
8494
7114
2913
6455
5221
11571
4662
10677
8635
9035
2131
5508
7556
1633
7174
9156
5976
5680
10096
10030
11597
5678
9544
8637
8772
7558
1072
226
5940
7604
11500
3256
273
3077
5446
2483
7205
3484
4110
621
7900
5782
4420
11034
9415
503
5060
11812
10456
2848
6711
6829
8057
9253
8986
6045
7429
1770
8087
1286
4386
11777
11149
11176
1431
3132
5500
11592
6509
10812
1747
4220
7818
6422
653
9232
10802
4644
11162
7053
4535
2779
2755
6405
10205
10984
1443
1469
2250
7614
7301
4020
6941
2310
2316
769
9795
9016
2643
7915
10202
2077
5026
6042
8987
10880
11171
11001
2365
6226
6299
10329
7865
4652
6879
9980
4257
9415
9721
822
4386
6647
10140
8322
1047
10392
10844
8279
7636
832
3458
8166
9290
5922
7298
3836
2597
2013
11019
8821
4674
9713
6218
10361
11516
1342
3819
8537
9024
3741
4280
6558
11928
3070
3177
9217
2109
8399
2639
8961
2378
4459
2426
2746
10786
4912
2070
10
5881
1782
1581
4600
11045
10407
10611
9367
8184
341
8775
11421
1490
9092
2995
10660
10860
9398
9267
2213
9810
9940
2183
6808
10286
5976
1817
9848
785
320
276
8116
4558
10421
1221
4536
5363
11984
3126
6300
1384
11669
4807
5950
1380
2834
5919
2619
3003
11123
7689
3661
3443
4898
10041
7285
7174
1078
10573
564
6538
7927
2528
2328
6289
8602
2913
4969
6908
11044
2377
7070
5652
2800
3212
4016
2742
5858
5040
4410
969
6389
1276
2104
231
5473
7379
5058
2101
11495
10198
6990
5530
8807
10383
1920
1124
10603
6884
5238
10177
8649
7956
1781
1743
572
10919
7694
4512
10873
9051
479
2107
652
2557
8640
8651
11227
11470
10725
6069
8407
7640
5328
5548
11127
4607
2752
8950
479
8249
11537
11710
871
9447
4957
2833
4113
872
1843
8098
9701
11105
2719
1453
4357
10890
2272
8761
1125
2210
8545
3725
6864
7183
5998
7758
6936
10432
7746
9940
3228
11646
7767
3914
8329
10436
2777
3713
8753
5415
9717
5947
11566
7578
10451
7683
9597
4603
10266
7523
579
7628
1172
56
7206
9331
2738
8783
3959
9819
368
10006
2958
873
1396
7887
738
7521
11299
4993
8942
8683
7565
9122
4393
7832
9407
2054
5787
8125
11505
1127
7490
396
9380
10095
11476
696
8711
5771
391
722
5109
1242
8058
7528
313
1239
4446
8327
5698
4300
4173
9984
10242
5874
3094
10978
9706
8362
10330
6129
10846
313
5291
1343
2799
3613
6843
6881
11613
4471
10687
11347
6966
9379
11361
2641
4680
4924
8982
4516
8491
2477
7894
6191
3808
7223
4867
9633
2841
9885
6284
4663
8473
10700
2991
5968
1642
8821
18
4372
3772
6312
10360
9414
5918
233
1318
7314
1795
5057
8597
7800
770
779
11432
1125
1140
11521
7486
8687
5653
1336
3034
11291
8256
4107
6219
9947
1436
3073
6669
3421
3263
10471
3768
6423
2413
5149
162
2356
11937
9740
10806
4950
4431
1079
10906
5940
4533
8038
6593
11061
11313
7809
3953
6229
5105
876
3263
1651
8755
10558
7845
1935
6004
6948
10912
8909
9845
9458
9077
8921
5233
889
11932
11811
11405
9061
1145
6517
7308
7528
7994
6472
3307
10732
1077
477
11322
11201
2116
5650
7946
11005
5389
2361
869
8645
9225
8707
10033
11922
4365
4144
1505
9054
11650
10310
11890
4422
8610
5841
10415
3806
6951
11190
8411
8812
8768
963
1962
3446
10520
9233
2863
7380
8357
7574
11786
2436
10369
215
7705
3183
8617
7778
5127
11247
6528
8472
1579
10072
7309
9398
6040
10323
6471
2805
8672
9989
4385
2674
7187
7476
7005
11914
1597
585
10439
7763
10852
11241
8024
655
3976
7212
8876
3830
2884
11764
10570
7429
3892
8331
5717
1552
213
3739
2606
1986
394
2380
3951
7798
3617
4975
10936
5944
4205
3158
6372
6316
2428
3104
684
1332
8829
5762
9810
9200
826
6009
6762
7432
11206
4129
4689
8938
2407
2497
8741
1240
8110
232
8819
11853
692
2773
11554
7827
5441
7972
11362
712
2252
7262
5448
5899
8596
9811
5878
1313
4119
7321
9610
4863
1086
7206
6386
10848
6149
4399
10886
4682
5571
8871
3345
4833
10023
1172
8017
8827
488
7934
11501
2401
7543
5223
2814
11618
8439
2019
4497
4761
11908
4795
10688
4246
3514
5311
2184
8615
8625
11179
9976
10786
7719
4649
3549
11338
5749
1268
4450
483
5686
6684
1183
11696
6104
4840
4471
5621
5829
2168
4210
936
3166
8107
11178
9263
3121
401
11601
2002
9283
8076
7154
10156
9673
1894
790
1711
7894
3273
7978
3118
10264
8295
11525
7658
428
9385
4094
172
3025
3620
11856
8671
9553
11340
9413
4757
418
11839
4207
4589
11438
6410
4073
10282
706
2861
4430
10179
717
7845
5778
1352
3071
9971
9782
980
10807
1619
3135
10928
10560
8760
2736
11870
11271
7806
3421
1752
4024
10595
4547
2156
2884
5157
6183
3305
5228
10679
3500
3988
10075
8408
5115
2615
2306
9749
5768
5879
9433
2873
3617
2202
5716
7449
3783
10151
3919
7870
8468
1462
1897
446
8057
10076
11488
3520
5027
8774
6765
9303
3374
7535
3774
10475
4391
2656
4245
5193
5271
2979
1506
3119
3926
3225
2008
6471
11726
480
8347
11778
5601
10300
7569
6171
7982
1695
7809
4506
11533
11416
6938
6458
5432
1514
10923
5979
3182
2058
6978
7099
2473
1196
1338
2043
9604
11405
1660
1983
10262
9807
11514
9477
1188
9895
1369
4756
1296
7726
2691
9501
8306
9889
3447
7595
1731
5042
4295
10588
3288
1746
1135
8190
11368
6633
11462
5120
11143
6591
11091
2964
2224
10706
6344
7440
5466
2098
6659
3588
9617
2627
3877
3839
924
8549
7050
4835
8669
4806
1676
8037
767
1502
11617
2819
4177
6454
4731
10691
779
4337
11393
9664
8746
8006
10577
10493
2082
8999
1064
1657
7125
9995
11611
5383
227
209
1542
4919
7657
7190
2226
5447
4988
1475
10328
9664
8770
3784
5430
34
4282
4158
3810
7056
11432
8435
4629
6636
4633
3933
10697
1755
7485
6951
5244
8094
7613
11903
2737
162
8787
9421
9831
7653
665
6692
11903
1429
5084
7586
5378
2436
7749
796
10221
9279
5526
5251
4445
2869
8213
1499
3399
1675
9756
11524
4839
609
3329
9647
447
2394
9495
9699
11460
6527
8906
10573
4441
5546
4535
1553
3033
7276
7401
10479
4617
11096
8077
1879
5357
4014
3953
6565
961
411
7320
5040
3776
11812
9766
10199
11467
7916
4236
8336
6519
9299
7254
5439
3235
3870
443
11990
9601
11088
2372
4187
3588
2332
9109
2553
937
6543
8568
2282
2358
7354
11789
1509
361
3411
1751
3822
3547
1447
9145
11892
3210
9886
8727
8025
11501
3380
5448
10707
10137
7646
2504
11909
3795
9336
9789
5946
4851
7400
894
1097
5979
6495
7931
10
8427
5509
11838
47
2381
11073
5712
4315
5880
11215
11868
3993
8109
1878
7923
900
11653
5028
3139
1906
6457
7420
3593
1811
3719
3823
5438
2765
10860
7623
7585
78
10942
3181
10604
4433
9583
10195
7443
5073
5384
2544
1781
3441
10313
4689
3401
10042
10224
9699
10912
2975
8828
4311
8477
6617
8969
8172
10913
3358
8908
4524
10578
8095
613
6049
5942
10329
7668
2482
9534
10294
8435
11790
2177
3419
7486
8359
4985
1767
9092
1580
543
1709
10680
6605
6042
6184
3689
5753
11788
7278
4138
8178
4644
10669
11493
852
1349
5637
4035
1815
1534
8900
9963
4852
10418
1436
5842
11356
8769
6757
3772
8123
6635
10757
11782
1208
3703
9321
487
11640
4829
6270
10901
10965
4344
11027
9585
3023
5227
6570
5941
3240
7016
1746
4467
3936
7557
11974
4175
3766
10258
4628
6157
1387
2459
8089
379
11794
3859
8465
6345
10499
638
9432
7114
1855
8979
8399
2449
3266
7169
10419
10491
4919
6246
11758
373
4875
7383
2001
8584
7996
11781
822
11624
2111
9753
11256
4675
2246
58
3313
2472
7415
2201
4227
10491
8615
11513
4406
7807
1125
5256
11310
9608
9071
5846
1065
1390
5461
466
9479
2204
2471
8916
10486
5141
6788
7514
10651
3313
11111
165
3460
11162
9713
10431
4497
1773
11003
10488
445
1147
5558
346
6971
10024
1931
3468
7139
2862
760
9193
879
1941
4334
3899
9363
6369
1739
11788
1774
6855
1047
4534
10041
9651
11786
8704
5472
6959
970
944
10078
10329
2519
5373
8487
8252
8694
3457
5933
3128
5445
1821
7694
10195
11145
10052
7679
9769
4188
2466
8489
10260
11273
11170
359
2969
6915
10412
1780
2537
9859
4335
2416
9194
9522
9635
5067
4570
7464
11522
6013
5873
7114
1509
1944
5598
5578
11191
7029
11711
10337
9077
1290
8372
1016
11902
11529
3796
2097
1499
8465
3714
6604
5446
4508
6164
1223
6088
3804
8002
2204
8404
1700
1487
6617
6371
2696
8739
11125
8051
8263
4571
6439
7579
10558
2389
7963
3548
11112
3320
11866
6005
993
11644
2928
317
2727
3851
5990
9640
436
8296
2688
10541
1204
11420
1380
8512
5570
6898
6791
7704
10372
9848
6870
152
2828
9356
9710
2086
10750
5091
7120
10613
2267
11663
5543
11153
3156
9660
1479
6444
1108
10909
7444
1740
9760
3535
7727
4074
11252
1773
797
3970
379
6257
11210
1994
47
2635
4208
11818
2806
1874
10943
184
4635
10516
7352
8248
10976
1398
5208
2188
11136
2982
1711
11841
3766
2464
2208
6278
9008
213
11273
8843
6220
4846
308
7111
9839
11392
9217
9539
7997
3509
5430
8310
2907
4590
5641
2898
852
3877
131
1394
2766
6324
6381
6389
3921
10969
9921
1469
11193
7951
1966
2906
8634
7093
7365
5109
6763
7075
4752
3710
6036
7765
9513
2848
6361
11143
11287
11325
10319
519
7211
1704
5934
1392
9953
7298
7357
6287
3836
4155
6764
2326
931
8745
50
2014
2
992
575
8893
10532
617
1264
10191
3781
2470
5762
6532
951
9590
8171
3963
4996
3179
10035
10269
11481
522
6783
11497
11120
7054
1792
4023
6235
11376
10472
2273
5338
1950
11495
300
10431
9547
7287
4980
2310
4201
3364
11449
4281
11512
5845
9669
8194
8588
676
2650
6521
2722
614
1866
6461
6135
2971
7798
2654
1652
4368
11280
10061
7153
461
4474
11927
2952
10615
815
7481
9962
9930
11148
2106
5588
3809
526
5243
2701
11443
8814
83
10932
6114
6210
390
4660
4135
210
5374
10691
8552
5301
7505
548
6396
6796
550
11617
9299
3734
3808
8119
8741
10675
7643
2907
948
2454
6891
6586
10662
7615
10580
3231
3529
7249
10612
8230
11764
4350
10689
3288
3079
2563
11723
6644
10469
331
5332
6830
6565
2975
2764
6018
6606
9100
6689
4074
6953
11012
1766
2896
7161
9452
4775
2408
3224
959
320
10824
1500
7575
9702
2332
7121
3358
2563
5314
7356
10312
11255
1549
7452
7843
6599
5533
3877
746
8824
5123
9706
5002
10950
8168
3028
10257
3734
10630
7821
10931
11530
7848
9656
233
5019
231
11865
5150
5737
5580
7501
1615
6703
10568
6449
3554
11171
5609
3456
3424
5611
6434
5665
11077
1558
4112
9377
8472
11770
7112
1337
9726
1397
169
11729
5401
6456
5321
389
8681
7901
2413
6378
5241
9910
1687
2133
6101
11764
7801
10814
5655
3789
657
9254
3342
7306
3905
5110
1030
8398
8782
1316
11229
5542
1166
7913
3606
5732
7292
6559
3073
6728
8520
4754
7802
2406
5881
2803
101
11918
820
993
909
1483
11624
5249
9965
89
1483
6674
6337
3278
1952
5972
10004
4378
10771
3606
4566
2171
5601
8906
1937
3980
5141
7950
11992
9472
2466
11117
11656
11250
8079
8628
830
3392
4272
161
6777
4555
7838
8829
6250
10172
8983
4319
7652
8432
4509
4927
1910
7401
4889
7520
10479
1583
3840
4102
4075
3583
11267
11733
4204
8278
6227
4950
3469
2995
1554
4628
5882
11679
6304
403
11058
11885
1957
1313
6167
2669
9543
5227
2918
5052
1406
7934
7601
703
3297
5424
8362
2864
7786
9940
5379
6246
2702
5805
513
3750
366
6799
3259
3335
6858
7059
7465
219
11341
9986
4286
1819
3719
10596
1243
9456
8421
8010
3011
3818
9106
8467
695
4533
9373
1296
8865
9949
8267
2658
11517
7289
10457
8722
1370
3874
7405
5056
5568
6923
9656
10586
8850
698
9605
8381
648
7348
643
11825
1325
7793
8561
5387
4920
5354
8389
4270
11248
1556
556
4613
1134
4622
352
5728
10763
2693
6079
6007
4836
5637
2147
8707
1157
11534
11535
10694
5733
10562
5640
10563
5177
11954
8455
10198
376
1085
4377
11870
3877
3435
10617
11418
3344
6332
2266
4820
6682
11818
4528
646
11096
8849
447
434
2320
8291
7657
4922
3668
3731
6258
2394
9319
5165
3867
4040
371
927
3230
6288
3716
11976
8454
1482
8686
3779
4027
10060
8665
6466
2214
1585
8508
11837
11250
473
9617
5991
4967
3245
8919
2989
2034
3368
9730
3897
9963
3440
1663
8972
7359
531
3199
6417
7570
6880
10490
5295
11990
10956
7158
632
5700
5079
6547
11620
3975
1291
7853
11043
5360
11142
2983
9666
1619
1295
3722
9306
779
11571
8940
8657
8858
11061
7087
8667
4510
11372
6102
3384
8954
9844
1115
5653
4948
3785
5986
4913
1435
7254
7711
10564
6669
10905
9118
2992
6193
8637
5041
3307
7023
8515
2302
10208
9676
9430
326
2130
5405
7411
1122
4924
11086
4283
2602
3788
609
2527
3871
1066
5507
11760
3109
701
6707
8151
2070
7792
7885
10394
1978
7646
864
4528
3741
5091
8783
8916
2896
9531
7515
8155
4627
4362
7832
8434
8410
8790
10317
1056
1509
2023
9797
1377
3556
5961
10314
9331
806
9186
3191
10987
2472
1977
11724
295
2620
7461
4340
10163
7671
5738
7768
2480
3407
7917
838
5451
10651
9482
5980
3809
3442
9264
3309
10983
9506
5530
3397
2246
8247
2291
9388
149
10214
934
5071
10198
4156
2614
10861
9814
5276
1588
2310
8987
11193
778
9871
10866
10373
328
10077
8677
7430
9760
1113
1897
2715
6600
1974
11557
1991
8916
11957
5808
3754
2206
4217
4575
8897
6431
7389
151
11937
10708
1041
1022
888
1302
9729
6978
10156
3011
2947
10760
9430
918
6015
7020
11595
694
8214
1293
53
1266
10999
5978
2609
9613
11103
10980
7207
7831
8660
7728
4340
7345
9164
2680
7798
10213
2170
235
9726
7005
1085
9133
11581
6530
9222
2971
11572
6986
5487
8370
9588
8637
10651
11642
4362
11175
2098
2450
743
10220
7267
3013
1489
7185
11722
7822
7860
10805
6818
9626
4555
9148
6432
4607
9180
11727
6010
1222
8437
10629
4399
3095
2624
11117
11510
8640
8775
8194
10790
4759
2935
3939
2838
5017
5554
7178
9147
10083
2875
8136
7090
10066
11466
8220
6670
490
4661
8924
2394
10238
4707
80
7840
4685
2793
4286
6041
10556
8887
11321
9780
2689
6469
1714
10194
8939
5734
367
7797
11886
740
11231
7111
10781
1245
2514
2515
6349
581
10768
797
608
4975
7420
3025
7772
7061
6914
1006
6606
9127
3634
11472
5284
1768
5103
10522
798
9108
5705
1506
453
10674
6280
7630
4694
2237
2412
2010
8771
7598
6093
712
5190
271
7681
4538
7919
6459
11660
6873
8521
10414
2713
3868
6113
10469
9950
1542
11071
2493
4883
4118
10815
5450
4836
8942
4818
2962
9958
5816
5125
7449
2864
2377
6239
3413
1171
4373
6132
9813
10772
6241
4438
10265
5709
9363
6537
1905
2829
2676
3327
1298
2156
1039
11829
6629
11018
4802
11636
1709
1432
7507
4326
2934
2127
1440
5549
3362
2795
8981
4369
10473
787
9253
11782
5897
9426
2534
5965
4587
8497
3214
5869
5378
3163
11773
11183
4785
3704
3344
7488
11153
8927
8862
6594
10894
10962
10626
1590
6584
10385
7308
4052
4046
2227
4014
1158
338
9388
10935
7117
4683
8341
9482
6367
5894
8754
11470
7412
2741
5737
3003
1963
5951
920
2160
10216
10194
10426
405
5642
9398
15
1842
7582
9126
10303
6014
3235
11529
1917
2892
288
3498
5829
11014
5495
7164
11816
11466
4909
1793
120
7426
8282
5352
5846
3468
9308
701
10508
10662
931
9335
8336
6652
10846
7023
8611
2541
2630
431
1209
6290
10607
5956
10957
9712
1569
3521
9090
10827
7936
2946
5215
7395
10683
2804
10677
4942
6578
5265
75
1364
772
7493
1893
436
10733
4494
9831
8100
2802
6126
11401
2372
4301
80
3700
4024
2183
7167
4005
10890
5635
11144
8945
1744
6813
6555
6489
2110
5087
2701
7822
6227
1697
1892
1449
2559
3643
3474
3426
2831
9931
7931
1654
2531
1953
11471
8461
103
2844
7030
493
8810
8042
6497
1992
9275
5109
11261
1042
174
3009
7768
10222
1386
11599
7832
5314
8099
11001
9807
2347
5931
7808
6494
4222
8099
2770
4791
3520
1980
4613
2617
11821
6101
1098
2514
1995
11681
1189
8593
10354
11298
3394
10149
10474
5061
8865
9243
11666
9891
11765
8975
8721
8065
7724
11907
11527
9145
7838
4240
1481
4732
10737
4874
410
8176
658
11332
8749
7456
5236
838
5270
6901
2933
433
452
225
513
9047
7875
11565
9942
4830
6563
2788
5353
10807
8232
10263
10388
1041
726
2647
2290
4035
659
2895
1506
11949
10409
8820
387
5510
5041
4954
7712
11096
9655
4274
11329
10507
10829
7594
9096
1322
5465
8963
639
8483
6321
11371
1057
7917
11860
394
806
484
4776
2104
1368
5453
4682
5635
118
2951
5898
4268
3982
4478
1158
9693
4005
1589
2256
2335
1864
11232
3300
179
8686
1982
11166
3497
147
8571
3163
3191
1917
2605
7593
2181
3917
1250
11031
4320
630
6937
8625
5788
3916
3766
10557
11724
6274
2313
11052
8071
10463
7903
11921
5168
1643
4213
2603
3578
8891
6170
5036
9972
7992
3643
6396
7576
792
6300
1874
9773
8239
6287
1132
889
10370
10977
11923
3035
1048
7109
6600
10056
10205
11967
1859
7222
9587
11055
3011
8250
11713
2824
1455
9556
3770
9553
3748
9358
4606
5343
4781
10287
9760
5466
4032
10666
8648
11933
2746
7389
11553
2173
11097
6557
6
1078
6024
2614
8416
7458
4381
10640
5486
6063
4414
3815
6998
9861
1313
2752
958
4129
3674
1468
5894
8187
11213
8230
9263
8244
7888
8308
9468
9825
10879
3897
3902
2644
10402
2014
2732
553
6392
8164
7801
2322
11381
9842
2071
11517
8679
7688
11446
3653
11029
1154
11614
4025
5412
11996
9696
4290
2534
746
6060
3858
2746
2496
3556
9551
3756
10906
3729
7757
9483
1312
8222
5422
1741
5115
8662
3751
7187
8341
3678
1380
11071
7331
11556
6013
793
1980
7161
9200
6134
9753
2321
7902
7281
9919
5773
6903
6324
1008
10077
11874
10934
7448
6552
43
8249
7673
9367
9928
746
3674
8283
7481
1976
7054
2399
7255
4516
7091
2365
5830
11360
4144
2106
4772
1180
8914
5010
1744
5518
4690
3813
3207
3932
5600
6093
8216
11481
3277
333
10403
9669
981
10924
4059
5067
360
2259
526
5315
3425
6269
6750
50
5168
4267
4827
8574
457
8888
7794
2626
8390
9226
656
3649
4254
9906
2792
5275
7580
8903
380
7486
431
3308
3381
5020
3193
3068
883
1070
7554
1853
5218
10159
6176
9793
9327
3352
1796
6704
9176
2507
5033
10741
3832
4318
4144
8078
3931
5191
11296
6245
2760
4776
6609
1200
1110
1055
5316
9967
11263
5383
4825
4873
1163
1712
3287
7944
784
6487
11489
943
11147
6294
1449
5811
8156
11303
50
3977
10577
11952
369
2996
5
3987
7063
5433
4531
1140
3231
11691
3098
9151
647
7626
6166
1743
5059
1391
8320
6361
1457
5789
9832
7090
4794
799
10966
4177
9586
7520
6943
1897
3136
3893
990
5265
1841
1921
3788
7190
97
1953
7910
5140
2789
9713
3440
258
9154
10347
8024
2086
8014
638
949
671
11960
9866
8624
10794
8996
7430
7988
4429
8501
1412
2855
3271
39
668
6109
3265
8648
3835
7925
3561
6669
3796
6809
5171
6007
7710
6306
1830
9922
6607
3544
11182
2001
8859
8619
4364
3947
6499
11897
2466
7098
8406
3865
11011
7342
5784
1040
6769
9112
1171
9674
2641
7649
363
2692
4262
9496
1197
6250
144
1426
10050
2720
11835
3549
198
8677
7526
7320
11852
3565
3886
11464
9739
7266
2659
4567
493
671
2650
6128
4937
601
10202
4328
7490
3080
2124
6605
10480
973
6279
8299
9066
3365
4615
9228
8760
2860
7426
8005
4206
9075
7982
7201
925
4135
3379
1206
7146
10873
601
4661
2634
4666
8230
4835
1600
5518
110
6099
11322
5980
3519
10888
3011
2886
6970
1077
8768
2677
5786
2692
6132
9179
10906
3150
5764
7242
2151
7969
6234
5522
11255
927
6678
8950
4452
120
9229
4085
3285
6186
2718
10518
7498
2153
9012
2938
5519
2965
9677
1186
11982
6666
9319
11779
2123
553
977
3901
11598
327
2398
11733
1387
303
9786
1267
2912
251
11783
3375
6373
1186
5027
3932
7530
711
9477
155
8745
4010
1062
101
3116
7598
833
7406
11854
1228
11846
7827
10803
5055
9441
6092
8114
2253
3360
10759
1539
1701
9304
11476
6708
3202
1112
5021
6927
6881
10607
3879
6696
4996
8502
3900
7093
6341
4380
11701
5533
6729
6848
5992
11141
9775
2340
5881
4090
237
10878
7509
4730
5648
3228
11954
8184
6786
474
10394
6329
9724
7909
8892
5685
7794
8467
4923
8691
718
4567
2898
9249
8521
11292
4479
5097
7500
4258
7314
5713
8638
4278
9147
2917
3263
6148
10829
4199
4605
10390
5822
2026
9089
2705
7147
5990
7775
2211
7485
2640
8321
6165
6300
10201
5143
7959
5338
2095
8174
8556
10765
4315
8673
3345
10450
3143
3
6578
2558
11612
6114
10050
4599
11281
4653
9646
2496
6550
1233
8647
6980
1692
8298
370
1764
4141
10379
8734
10444
7320
5217
11802
996
8367
5314
10099
11951
2638
6908
8713
11017
11685
11218
11696
4893
4654
11966
7223
4421
668
7799
247
7982
11697
6151
6065
2176
9830
4425
9245
4349
3540
5071
1787
2394
4678
3207
6179
3543
1393
10890
3187
1476
2037
10944
4752
10103
9331
9492
11278
769
10707
11861
9916
9356
9680
5526
6080
2938
2483
8057
6500
137
7935
11736
8534
5196
6591
9588
1233
11089
5733
8026
842
11585
3592
3109
10967
4215
11442
8657
7518
5475
5793
2983
890
4359
8910
7006
6456
6444
6219
3797
7523
4283
11919
2318
2311
2719
9187
4202
302
2019
10890
3855
9485
9353
10526
10986
10550
2157
5388
6883
7024
1299
2508
7319
3615
7750
6976
9907
2706
1562
9511
4085
4991
8508
7962
1571
10640
7597
7478
8218
10211
9944
10580
4665
1651
6128
3221
8971
3307
7153
10166
3641
8764
5552
597
2036
3636
1891
8865
5066
9077
6113
3633
2445
3871
8630
7418
3440
10312
11003
5614
153
948
10256
9576
11794
5362
4574
208
7255
774
7082
4692
7487
1106
6829
5661
729
485
5856
5030
6639
6810
4354
113
11650
3056
2426
1347
3604
2399
4885
5073
2785
2058
2735
3284
6912
5894
9660
5121
7490
9359
9830
10127
10106
2325
738
6860
9838
9566
3534
470
2891
3404
7456
3178
8896
4003
2480
8339
11018
6261
7195
7869
5072
10028
1156
8312
326
6535
6632
4645
9455
4478
9647
7197
11358
8121
4633
5609
69
7044
6735
10800
5988
10877
8986
9209
3964
10368
4047
5340
2456
8564
6120
10746
7072
6671
1893
50
10262
8347
1996
5465
8727
3688
4502
522
11320
2128
3341
11280
809
9728
1298
1327
8793
3026
3388
9181
2393
6645
3900
5474
55
11286
3311
2379
7856
4515
3523
9242
9168
4929
7503
2215
9347
10825
4441
1937
5325
5423
5894
3900
5547
1961
4192
9124
4659
7691
7461
6123
7644
11798
10192
6869
7859
10733
114
11572
8434
11189
5434
5559
4999
4177
3122
8426
3489
11145
6936
4820
6010
9042
9261
7852
290
9506
3625
4105
10217
10016
842
11558
2269
3906
7309
4481
11358
3549
10802
2458
5665
8812
9430
175
5512
5049
11027
6478
2127
5454
11248
9410
8358
5490
1077
569
6981
8432
10147
5097
7176
2711
1484
8959
4082
3790
7725
4918
4036
7726
6803
699
1180
8373
337
7341
9564
1322
4572
8548
8704
11251
11779
3138
5737
11251
1371
4241
9916
5000
2760
6919
7111
3312
140
4195
5323
5656
10856
8261
4910
2621
7934
6685
1296
11128
1605
8958
1397
358
276
558
7799
6860
6426
3946
8949
8304
11302
508
5165
10552
10017
6448
11257
2446
5840
6978
10828
6733
920
4895
7075
3960
8626
7732
7940
8978
1918
6153
7937
8861
8802
9126
4797
10569
7940
10614
8268
8629
884
4160
4989
7396
2132
7702
9302
11089
10372
3319
7195
3903
7788
11328
1245
9857
3160
5280
560
11859
4797
1851
3085
9646
934
3514
8554
6766
10277
4085
10486
1725
7722
7840
9254
1694
2083
5909
5183
2830
3766
2969
6955
5344
2844
1016
2301
9821
1895
9097
5047
6129
9204
10350
7008
1392
8565
4578
5066
7076
5959
11785
6953
1116
10736
1739
3855
7346
7722
10583
9874
3132
4769
5875
11738
9162
1833
6189
6825
8771
2498
10475
9653
11954
5153
9899
8437
5412
670
4717
6139
6499
6423
6952
4626
9866
10898
8298
10131
8881
873
11596
1181
1595
10329
7626
2442
9034
2727
6673
1653
6045
176
6427
3907
11695
8309
6266
9953
3407
2289
10821
5055
2544
5385
2958
102
1090
6956
11907
5281
11339
7443
8257
6538
11215
8077
7902
4400
2836
10571
1716
11412
1412
903
2892
8535
1295
1597
3314
4287
10233
511
6223
7239
5368
5185
6633
4671
9466
10172
11600
1786
9163
4528
5381
8794
10648
3802
9924
11547
4289
5342
812
5062
4086
1657
8929
377
8666
11808
581
1609
5664
9448
11645
3929
2910
10152
10590
354
9746
2043
4760
9824
6079
10514
366
11011
9473
3935
10904
9590
9588
8806
5523
9444
8736
9644
9919
8304
7074
9202
5844
11819
1146
6222
5151
8845
1033
10952
547
6946
2268
3042
9817
2691
1991
10186
9267
8255
8448
1032
7493
2177
3042
10372
6307
9820
10498
4530
3763
8138
11528
2114
2703
5847
1567
1939
1091
1852
6653
7950
1657
8059
5469
340
7944
5213
6858
2833
11870
10389
10778
10248
4230
4062
1714
3947
6338
9413
10985
11676
4082
569
10163
2562
5149
11938
6014
7676
55
7633
1884
1561
7824
167
3394
10540
7759
5173
9591
5352
7765
7866
374
824
992
1272
7051
3793
335
7958
3302
10361
10416
8073
6633
6849
7140
10952
11538
3456
1821
9357
5169
9607
10034
8647
4209
1409
5023
11720
9931
10354
3422
523
7115
10562
7443
10281
7525
3381
4383
7236
8057
1020
5422
2828
5492
3173
7177
2649
7910
6232
9302
9341
3418
3670
3677
10824
5715
8605
5340
8792
5341
7272
2265
5372
7109
11310
485
8171
8268
9247
4755
7622
4370
3467
3075
5637
583
6226
11876
2992
11390
8865
11497
8725
7145
4453
10869
6009
11856
3408
1856
7533
4891
6462
9745
7395
5955
5440
4703
9806
3713
5846
5742
7630
7888
10133
3868
7841
2423
10805
6541
8430
5484
6109
5442
2138
607
132
9781
4550
4233
3455
3959
5712
10146
6312
5416
9334
5007
5328
7818
3994
1223
7411
8474
6449
7793
2291
1008
4238
8595
8415
743
11199
4707
11583
9156
11361
2936
11708
10956
7866
615
6464
8975
10138
11048
11347
2008
489
6633
3835
11134
660
11734
4806
4744
9491
2819
5289
1616
5003
1126
6876
4889
5607
1345
5761
5590
2004
280
5371
4643
3499
8451
10968
872
2080
8810
5331
11499
505
10475
7791
10990
9012
7390
11381
9832
935
4258
2777
2930
2605
6884
4926
9800
9337
11215
6946
9581
7164
937
11847
7112
11149
5381
4047
11955
1686
5797
11379
2195
10170
718
2468
7205
6708
2178
3830
2331
3266
5977
9945
7499
1725
4954
5829
5284
3730
2430
1252
5795
2103
9494
8759
1982
11721
6750
53
7569
3398
10416
11055
2799
1205
8342
3069
2531
8025
3567
10042
10970
7821
5424
5744
5386
4172
5034
9979
1708
9085
7158
7588
9681
9906
3962
9979
4549
11369
4117
10348
1795
10374
8999
10483
5487
5058
8393
1200
5101
3028
3145
7962
438
4328
3647
125
7365
8804
8815
10507
6575
6947
8385
1632
11418
6158
11912
1986
9102
535
2765
4027
8149
11900
695
1452
3984
697
237
10360
9876
7736
6252
7443
208
1456
8298
8262
9122
2444
10373
3882
4099
9405
9675
10818
6863
6605
9615
3221
11254
11997
2221
3652
5286
11816
11351
9517
10635
9402
6828
6410
7099
9291
4621
3101
8364
2351
3650
3789
6453
1799
11552
3524
9776
11380
11934
8310
7505
1827
4175
6442
9264
1906
3757
3986
1693
11926
2405
1110
4480
560
4965
3065
5740
10127
13
2173
6421
7183
7606
7027
1462
2377
4352
8403
7959
5921
5171
1990
5409
2902
10667
8076
8360
9836
8911
1715
7393
10421
10767
9641
2330
4456
2555
10366
11946
3134
6853
7370
1151
6687
11713
8213
11764
2407
4314
10647
436
2497
11259
6431
1167
6078
8277
4583
4066
9819
8990
4186
8640
3296
3708
608
841
67
10878
8166
10492
9831
9868
2735
9409
2707
8172
1735
10680
5753
2912
6148
9999
292
9696
5882
10847
8435
7432
3803
4523
4396
1592
5134
5623
767
747
3698
5587
9854
7843
6605
9229
1531
8723
2496
9956
7738
7850
11359
2440
3837
6932
8166
3020
493
10370
4249
3946
2560
11943
3316
7815
1655
10107
11414
5162
10689
6538
7895
3132
5556
254
1596
2532
3510
5658
6923
6280
11470
1291
10459
4378
8553
8867
3934
7028
9589
9317
6070
332
10211
8139
7796
6294
7273
10236
729
4407
975
6756
3585
8111
8983
5072
5303
9753
10175
8124
9184
8426
10332
6731
1251
8137
4186
8296
10267
3279
9660
7486
503
2199
10985
5002
1366
5903
7563
3501
2363
1540
9012
2982
3662
5296
3808
9672
7620
8666
11231
10421
5197
5816
4032
1104
1022
3861
10332
276
165
2333
3669
8497
8301
1015
5988
5309
6956
499
3516
9754
912
9471
2083
2596
7631
2678
6362
7111
654
3918
8849
2333
6490
3076
7102
10061
7356
7400
3813
2727
416
2627
3761
7405
11794
11469
499
3763
4655
9181
11841
2695
11011
538
4781
11654
4716
3535
7422
10384
6204
2478
1836
4768
8053
10856
3440
8974
2372
6507
11598
2817
206
50
10549
6463
7871
423
1642
132
9069
8610
9010
4374
11066
10209
1426
6785
3967
5509
1012
9689
10242
4087
8800
390
7197
3660
11854
6955
7949
6039
2716
2353
6722
516
7411
9881
3957
10859
7054
3386
5676
336
10303
2714
11988
3778
9490
6068
7360
2681
4188
4690
8394
6708
10321
11259
1406
665
10604
1861
11959
4152
11180
6163
7759
11540
5782
9589
4998
830
8549
2836
10179
9121
7847
4012
8919
10064
6
10927
9908
2642
7836
3774
6419
2970
2118
11467
1193
5550
8946
10311
5496
7503
9902
1486
9324
810
9447
9999
3437
9408
10790
2265
10867
264
7662
4461
7962
6115
993
11014
2764
10572
2463
2318
11690
3625
3213
10776
9958
9314
1675
4694
11108
1452
3611
357
4240
1765
5833
7765
8197
1635
4955
9069
9965
3924
9702
651
7915
8899
11869
4093
3324
4311
6991
11946
3677
3992
7105
9251
6840
8106
10665
9185
6025
7256
4770
995
3755
6164
8303
10549
4663
4469
5405
2394
7990
2445
2899
3091
9002
2011
4872
6933
4339
8431
4547
8793
3422
1406
7937
2900
4576
49
9416
6752
4395
10271
495
187
147
3663
5450
10777
1658
5736
5353
270
3111
681
11207
4713
598
9370
1478
9189
10013
3317
1262
4769
2024
3671
5658
4310
2354
9058
6596
5170
10505
11151
6476
8679
4326
391
9388
10404
9426
78
7531
9749
5499
3319
10642
387
11963
3915
7817
2292
3116
5234
4057
1816
121
4506
2199
6284
1668
3672
582
10032
11021
8046
3890
9560
2443
4521
11046
677
8615
1903
9858
4043
6688
7204
5327
9434
9976
11307
1092
11336
11081
5406
1442
9173
2362
9993
636
8476
1177
10873
9003
764
6214
5805
11319
3648
11495
2846
10460
4891
6252
1333
6109
10659
11923
8663
10536
5135
3857
630
2999
9962
7118
8090
7302
3636
2899
8033
7359
11030
6556
4913
5288
5630
8190
4168
3675
9879
5927
352
2067
4160
10728
7156
1582
10536
3524
1827
2735
3244
8905
6084
139
6246
6313
11645
11699
822
9857
787
1241
11214
7356
3137
2201
11752
6122
974
2107
8692
3244
2794
10998
10168
9776
8771
7766
8183
3234
3959
4625
9499
1225
11693
11444
11586
8737
4614
6658
9428
821
4129
1803
3061
4853
8806
6391
10113
6479
10354
10931
8416
8610
2269
370
8941
11452
1140
4009
8813
5580
11778
5187
6135
7459
6996
2588
590
5550
793
2961
495
1316
2097
8388
4002
6912
4925
11930
7576
4259
11931
5537
6659
10457
1790
9581
3599
4118
736
10186
10482
10226
8779
2722
1394
5517
9751
7411
5960
106
5305
1942
11667
10283
338
2322
502
1835
11063
8861
5892
5217
11022
7314
2689
3089
6861
7600
127
3417
4496
6369
11228
9328
11562
2896
10039
8307
7634
330
382
8062
7677
6281
2455
564
10562
85
4700
7221
11179
6734
7713
3097
5835
5567
829
289
8051
1261
8129
6259
11763
11490
7200
1891
11152
7784
865
6465
10934
11763
9407
479
1915
9791
500
6381
1986
1482
6046
1819
4447
1157
1603
7859
5669
2430
4835
3923
2567
2560
8594
7798
1241
9014
5804
11121
1327
7909
3206
10088
258
6546
11346
5928
9572
2219
10830
9816
11788
805
9932
4384
11081
3332
10049
4917
4112
793
3290
11546
6831
10940
8658
9415
6943
7605
5833
8788
9940
1290
457
9459
9227
5347
8150
11599
9830
1031
126
10293
6553
1006
7337
11535
9155
603
8476
1360
3242
7210
5986
3007
51
10591
3362
5696
5140
8794
4606
10572
1245
3480
6574
10784
6175
5089
3298
11403
4568
2214
3983
1055
10723
6861
7456
10607
6430
3995
3254
3191
4826
1825
11312
2056
2798
6740
418
10412
8308
1647
8106
6425
9219
613
1595
2918
6851
10364
6687
9080
2441
6058
9168
8649
10049
9142
1342
7506
7181
2761
4713
7551
4516
7284
643
8948
2578
4945
11968
1505
6082
8430
8114
1926
9887
1445
2146
11097
10114
7854
6515
301
5951
9960
6889
3403
2034
7781
540
9570
6016
5920
3155
9954
1055
4658
7723
8049
2408
5385
1347
1061
5199
1286
10348
2632
646
8397
2956
9670
8635
3747
4169
5777
1523
4208
1048
4909
1389
2042
6725
11417
8703
2806
7864
2514
8468
8357
11054
2441
388
158
843
2296
454
1890
5600
1438
10592
3599
5366
5826
2597
4156
4114
11364
577
6781
7511
10501
478
7686
8339
7808
7994
10606
5116
11178
11269
51
9282
3528
8278
9569
4462
7533
8643
4129
3870
4931
5840
9931
844
6326
4391
10535
6774
7165
11605
5135
8363
10737
4769
5138
4224
9495
10449
4904
3197
3956
6652
9585
3585
11641
1071
1428
7685
9185
9518
7763
11504
2746
1850
11069
5494
11235
10318
6102
4425
5640
3243
9004
5174
7879
11281
10659
6266
2082
6261
9228
8408
6150
1699
6900
7058
11644
1565
5338
2237
9734
9730
7094
11333
11920
10753
6525
1567
10651
11288
5249
4078
2710
2349
10185
3259
1374
2038
6511
9024
3879
2077
7585
4080
2586
1572
949
9098
7540
11942
1990
9838
8712
1784
6636
5807
4247
3671
9691
1978
8435
6517
9968
5366
1859
3069
5337
10940
335
513
6127
10372
6755
8828
4012
4586
10843
717
9614
2798
74
8338
7457
10976
4681
9984
3780
3131
4638
8047
882
9810
944
8229
5264
5435
5246
10923
9771
5807
3018
11078
2275
11133
4000
8548
1116
4350
1487
1061
8629
3324
3342
10419
4488
8662
214
7385
10466
6406
471
3964
3381
4832
6758
1353
5575
6822
7804
5867
2244
11982
3307
9458
2230
5718
9170
8201
5614
1864
1296
9211
3489
9311
4394
9953
8794
11191
9875
3742
5848
5761
9950
3471
6478
5009
3411
2225
8189
4350
6351
4377
4749
379
193
8174
5942
11758
5953
502
880
2692
7495
654
8379
3240
9838
10391
6352
5910
11200
4456
11960
9492
9457
909
11517
11012
11127
283
9662
11011
11690
4517
9314
7963
10251
4996
11201
6749
9018
11747
6486
1490
984
6956
4083
2835
11452
9431
1688
7973
6677
8527
4391
6198
7912
10232
8933
1731
11540
10771
1237
2854
3720
6017
3791
8018
11128
6391
9807
11679
7873
8632
8747
3012
10569
1961
6907
7441
2780
8601
9175
4106
4727
9501
5944
1919
4126
9333
6305
4787
1436
10434
3261
10870
9537
9346
646
11404
8014
5972
10736
9672
9720
78
2261
10123
195
6991
8592
7418
10747
1828
11325
7369
3684
11422
3313
272
7156
7370
11388
2044
1476
8219
6603
11880
4542
5783
8760
2820
7130
1949
6313
11622
1311
10058
10454
2812
11172
7045
3241
8519
10257
3016
4084
6916
2776
11777
10742
9587
11660
7086
6163
6118
7926
10976
1074
2422
8546
6497
8216
66
4207
5575
1374
4829
9800
5419
1122
4202
7408
1997
5225
11288
9803
4616
9118
4757
4103
11448
4702
5044
256
6137
7877
7892
7393
4154
6840
3636
4874
2617
91
8304
11963
4599
9436
638
10604
6706
8975
5565
11639
797
10111
5435
8069
11203
5116
7522
5623
3662
5550
1810
8874
1415
1088
11028
6553
7503
846
9153
6472
309
11254
1320
6585
1711
3868
1073
6256
9988
9178
2328
4662
6668
6577
3231
1541
4051
6075
9220
9127
1937
6205
11177
3110
8370
4707
9475
4878
1771
2229
7980
5013
10847
6155
1788
9215
7996
4052
4475
259
7680
9897
9091
7559
5309
3324
3894
7104
4705
10597
1002
7220
11034
11810
11695
9589
11339
10039
3984
6370
2404
4740
10389
7002
7690
5620
8527
2420
3379
8561
2141
9943
369
3840
5635
10936
4088
11006
8968
3657
9556
2180
7923
9305
906
10403
7314
10311
864
5829
9618
10294
4246
8158
4799
878
6554
4644
10767
5681
8077
3316
1956
10319
11636
6799
5933
3145
2248
3135
4721
8711
11415
512
8702
10563
3646
6585
4515
8013
2024
6303
6266
4901
1237
4713
1669
11126
4491
1181
5407
9872
1045
8764
7032
938
9884
3195
10166
1522
103
8
7524
1998
88
7763
2486
11927
9435
10188
4451
10521
9750
10214
150
164
9114
4499
8380
11378
5955
3942
5282
10735
9431
10036
9348
3743
1160
2621
7728
2611
11236
11622
4238
8075
1951
5881
6611
7072
9496
3939
10084
6110
11159
10879
4344
3510
7108
3893
7122
8519
3884
7181
2419
9369
9018
10126
10381
3925
4976
3382
7247
7400
5701
7591
3607
1932
2520
4880
9361
8389
6039
10134
317
1852
10869
9229
10278
10544
2644
4977
7784
9792
11769
4497
6302
3704
7679
2048
8745
1779
9140
7043
9586
1547
220
10066
6636
9593
4032
10136
9736
3967
1211
4302
3135
4979
11329
5846
10255
10785
3041
1949
7838
4906
2733
5620
1133
6982
11823
4013
2831
7562
11574
11968
7864
10614
7384
9652
3983
7728
2012
4682
205
1573
1045
11876
3741
7233
8144
8011
10961
8394
2211
6549
3226
11139
7599
8204
2093
9243
7846
1592
8438
3342
5144
9861
2462
2294
11851
4323
348
6250
852
6496
477
3636
10411
3856
11691
8226
393
3742
1975
9905
6358
4469
2248
1446
11972
8626
6606
1797
6580
882
7413
3860
1477
9318
7037
7644
9544
5347
5852
1929
8385
8797
10255
9222
6965
11482
11033
5792
3961
10842
11284
2957
2676
10778
6446
3560
305
3771
8598
4712
6739
683
7289
384
9792
2358
9534
5317
1853
10197
6430
6991
9456
7338
1004
7019
2095
3901
9442
1344
7856
8938
7794
10022
3050
8336
6495
10102
2979
7833
3759
1291
9374
3655
7917
3560
6721
5976
8195
787
4834
2472
9218
8728
2500
6699
6706
7314
8874
8831
6358
8228
5540
6525
10839
1135
6755
9211
5085
11685
2376
100
9806
7550
11318
6493
7109
5274
5134
10680
2575
584
1406
2817
6933
4099
3113
5578
1628
4975
1007
8236
121
3080
5246
3011
10695
1629
2155
11100
6812
9019
9952
7755
5747
706
1636
5093
9270
3502
5962
4037
11550
1524
4551
2836
5269
1340
2630
9086
9080
5435
6782
4986
10109
183
7309
1757
91
10860
7400
4746
11060
4015
2312
11661
6135
6650
9074
2720
1034
6169
1022
9215
10331
6938
3515
10015
5276
566
1694
8041
9180
5664
2017
8531
5875
8818
8486
2123
8723
7941
6130
8356
7894
5894
4282
11159
6339
10430
8510
9175
1907
2004
2843
6524
2474
9903
9003
11634
751
1380
10836
9256
5610
2159
10012
11567
7284
5624
9282
6507
8762
8471
6170
9018
940
4291
6989
7862
2799
1732
10401
6966
9896
6393
5488
1962
10893
3472
5386
1693
2624
1475
6044
8838
11383
1916
494
5704
7646
5949
274
6392
3366
4266
5230
3118
9277
5359
8929
4444
4291
11362
9236
4470
10151
2238
8377
2758
11871
5907
1890
10823
6343
10240
7341
4477
1605
418
7571
132
7859
6210
11433
7387
10197
2090
7607
3763
319
10875
45
6434
10188
6723
6978
8109
10600
3808
7116
7912
4074
4905
2804
7208
10261
5367
4358
10741
1231
10609
10678
7293
5541
1247
8453
9270
11926
5383
7879
3192
5708
347
8798
3012
3721
6296
3520
9511
8584
3600
11315
1740
8557
834
4674
4500
1028
456
4907
5368
7833
10881
10528
7545
11167
4675
8071
1031
5749
10994
1611
10201
193
119
8245
10797
8241
5125
2132
11683
8499
6191
5419
10417
11784
4958
8505
4739
1968
7620
2558
10559
1357
4046
61
833
7209
246
4391
6916
7895
8913
11047
6555
11524
11475
5112
644
2483
11291
5911
10174
6425
5092
8526
5520
7630
4671
10957
4271
4475
3092
7209
9271
4891
7325
10390
1356
6268
4197
6213
3468
1143
8995
5815
2409
5334
1745
11865
7436
6823
1397
5227
1248
1769
10609
5214
2570
6403
3726
10551
2665
10393
3827
6665
8510
4417
9323
3757
11233
4215
10613
5351
7573
5330
10698
6623
10725
1026
6413
9789
2877
4545
11047
4176
5049
11901
8691
11367
6576
10847
5466
4858
2632
5408
3111
3208
9625
3582
2013
9474
9174
8325
11775
7962
11498
6862
11810
11961
692
10663
6217
11058
11283
10097
326
2027
7768
5787
6794
10995
8578
7159
11055
2707
941
7431
5164
5176
5600
9456
3714
10878
2147
8416
9523
8867
4939
11228
8176
11796
10141
4853
11262
3815
378
8359
10282
1674
2816
8627
10728
4064
9188
6999
8707
3381
6340
9985
2748
9531
5345
9292
1070
3281
8044
10984
5605
4880
63
2512
8437
4274
8965
1632
4118
8238
3084
4901
10403
9079
10985
5497
4518
9312
9136
8501
1918
2815
471
595
5770
11438
994
10290
2036
6913
5351
4339
7035
11124
11549
1903
3753
3420
5535
2357
5930
3622
2316
7243
1102
11730
7622
3978
5258
10082
2810
8286
4695
2798
9791
6171
889
4839
10192
10360
7853
10878
5816
10742
10451
8365
3630
9206
534
1837
121
2588
1522
2448
10777
9122
11196
8083
8794
3797
967
11141
10803
4474
3787
11169
486
9396
10120
10025
1394
7879
32
4097
10117
9547
1467
1327
8141
7357
8177
8400
1307
5979
11504
7459
9744
1750
2384
4015
4455
5463
11443
2505
7450
2693
7918
9018
4392
112
8443
8209
2152
2457
2331
9264
2529
7328
5029
8023
5557
5932
5789
4965
9411
5160
11373
7737
10868
74
4730
270
2617
9904
8118
10263
7378
1094
4012
4888
7914
5711
403
11107
6412
10698
1740
11789
8592
3024
6770
4077
1039
3659
7920
2059
2901
1626
9625
1771
965
43
3142
6914
4516
9103
4917
6403
11042
2362
429
7967
11939
4514
3719
1505
4807
959
4457
11752
11779
4072
9369
2047
7475
1930
1297
1583
11816
4624
8856
11537
9806
10867
6855
777
6781
3734
8111
1636
1274
4725
1191
4295
10759
10164
11891
8835
5948
11117
10872
6848
5165
9544
7903
1749
7524
9316
4547
10514
2181
9039
5867
3570
915
6276
1909
5907
6599
11803
5172
9217
2821
7970
7218
7958
9988
3012
7801
7752
716
5325
5545
2340
10096
8285
4203
3587
2660
1071
10934
9599
3425
283
6774
5037
5356
10788
2630
9019
9889
8278
4628
11772
891
10451
8550
7289
11477
8500
4321
11705
1559
9777
10188
6
1852
4049
210
866
5210
1652
6089
9056
10803
10177
9109
6813
6533
8963
10109
9941
6463
11731
6922
3125
6697
9104
3588
10069
1235
10551
3920
1515
783
11468
7644
2088
6321
7634
6331
11129
9406
2226
737
11277
10807
7843
10926
1556
7975
1673
9687
3067
8200
5972
2264
9114
5997
2454
9315
7722
345
11956
9265
943
3842
3958
869
6243
7662
8021
4792
2471
1418
1181
6427
521
9592
9586
10909
778
8138
5355
7432
9804
6208
8688
7488
3423
6636
8632
2532
2518
10886
1758
832
11271
5637
131
2912
3491
2977
6511
11998
2870
8405
11643
2270
7617
4387
11784
11475
6922
2188
6282
9617
6022
2998
11077
9905
6404
5094
2384
8087
1772
845
9641
1507
8872
5803
11960
5896
3165
11977
5861
11885
8506
6552
11982
658
9663
5918
10773
882
434
10803
1816
5208
8503
11647
4487
10164
6899
4025
11083
10104
3038
38
7316
194
5786
3006
9265
995
857
5649
2417
274
3089
118
7326
8006
725
3821
1737
10330
1841
3961
8675
11337
8390
9971
10052
8101
7066
8802
9742
10218
6317
7029
4908
10418
5292
4233
1477
1420
9374
5927
5259
8232
4183
7474
10074
474
5535
7067
4589
6071
4821
7733
2195
1786
3638
5687
3326
3599
10204
3057
11022
4799
5250
7046
6342
11934
8487
1089
2400
8395
8680
8355
10329
8421
4527
2151
11404
10702
191
3373
8861
515
8280
10078
2588
6468
10458
8587
9926
441
11576
11228
2247
1186
5316
4901
3730
3329
11853
9086
9972
4141
6848
3762
1574
4460
364
879
3790
1538
3858
5623
5594
10328
3423
1634
8206
9905
5774
5699
163
1168
4233
8099
5417
921
9039
906
10759
9631
7839
1937
1024
7852
8013
2922
3079
3275
10759
10631
6509
6769
5463
5286
10216
5549
11833
7515
3803
8711
4667
11464
2681
4932
11838
11345
8217
9971
4177
5792
3076
8910
430
4850
1048
2681
7313
4229
2206
2456
3931
2669
10156
10854
1400
834
4438
5683
6541
2096
7797
70
8823
895
5093
8350
4494
9071
6027
3966
2931
10626
5674
5889
11722
10821
953
9716
848
361
7729
4616
6570
9581
8152
11652
224
5160
1135
10818
4104
6814
2530
9219
5987
1750
1618
9366
9561
10361
10939
4427
136
7729
3282
542
7498
7925
8830
8962
10619
11949
2971
10740
165
9329
7260
2150
6351
7995
4236
7722
3673
10959
11531
11928
8409
9700
7719
2100
9488
2818
3764
1993
6466
2598
9750
7709
5801
9612
8711
7321
4487
4244
9944
4545
328
4291
5095
3201
6761
1327
7606
2952
1077
3462
11777
3977
10295
2496
5738
10705
10632
9103
9047
2658
630
4818
8433
7692
8509
3997
6333
1574
11114
10787
479
11838
7118
7303
6633
3246
8693
7818
8940
10960
5885
7695
4956
1641
8254
5135
1532
6225
7082
2487
5077
4997
4573
9982
3582
7868
7907
2154
5901
4361
9919
8075
2369
6862
6364
6700
7729
9050
8347
4223
2641
9198
1493
11260
7727
9170
748
2031
113
6447
7489
5384
4899
4396
5674
8611
2730
11289
8263
5411
1844
1159
4021
9231
4503
1662
9989
6365
5620
3430
10582
3809
11716
4220
4187
6782
8983
1266
2542
8181
8282
10759
4884
10902
8324
287
1945
10070
2074
291
2405
11640
9584
6266
193
4670
9004
6434
3339
8766
446
1988
3615
9769
2654
4795
5225
11704
2112
4565
2155
11335
4266
10006
9503
3381
4946
6373
2233
9487
10870
7098
11288
551
3291
1780
3810
1767
2362
4883
3501
1001
11755
4838
8719
7644
7319
10005
11907
7076
8259
2121
6305
1163
6356
11340
615
5939
4146
3862
5416
5671
6812
7428
6576
5986
650
11577
4796
7527
1577
4577
629
3841
2018
11338
926
8739
7834
353
7652
11353
6589
8882
3360
1421
541
6085
1344
11011
8112
5696
6603
10027
2422
9097
4210
11209
6620
10296
2577
2252
7289
6305
10272
3775
7140
1823
723
541
4468
3870
11069
1186
11545
6170
1788
9121
3149
583
492
9899
11843
3782
6333
10478
6438
11627
4987
3205
8195
3316
10025
206
7920
427
8691
8049
5969
6330
754
8138
2522
9221
6035
3213
9115
11168
11607
8699
6480
2054
9364
1305
6167
3223
10776
10382
198
4850
10132
5965
8171
1740
414
5288
10809
2238
3193
6712
8814
8333
3513
2637
2219
1806
6765
8854
4087
5391
4832
1183
11444
7453
1594
2885
7750
11547
10932
10448
1028
6513
3870
8786
1898
371
1364
5697
4346
6316
9444
9658
4949
7473
2053
4580
3585
2869
5891
104
10320
10176
10924
361
3198
7321
11967
5783
8104
6938
826
5657
8629
6883
11006
5559
5052
6695
11791
7601
7114
3880
7802
2669
9133
1286
11676
10364
2343
3604
9531
2325
7995
9154
11242
7948
1783
4645
10243
4178
9608
5469
10714
9177
2463
356
1492
1065
390
861
5858
11804
21
3146
10639
2458
3113
5936
8637
5657
792
10259
3369
8039
11885
5738
4491
3752
7759
710
5984
3828
4511
11326
11277
7281
2142
8058
2009
8266
7515
6662
11922
5414
5439
4683
662
6710
143
7945
3843
5820
9700
8240
5723
11723
10613
11596
3170
10849
10844
7955
375
9609
4946
6048
821
1270
10810
7453
6535
601
11636
9515
2487
4512
1340
3768
4240
7131
4491
2920
11552
3320
5186
1220
3624
11599
4916
2138
9021
7744
1549
5832
1051
4062
3946
747
11479
4383
9535
8949
9922
11274
3331
9443
3148
3820
6434
7737
11728
5483
9955
1290
9070
2151
8611
5242
11890
2428
901
6993
3481
11540
9815
7657
3920
935
11449
7348
10408
5721
2691
3500
8468
7551
9306
5050
545
1367
303
8350
8792
8633
1369
1030
7454
7250
1463
9825
3195
7305
6317
11490
1129
8111
2652
10466
1984
5723
9316
812
7986
9165
6349
9216
3496
8054
6161
4510
9308
2160
2541
5138
10732
2592
7121
11397
5206
4917
11240
2069
9150
4449
5804
5140
10135
5263
772
7875
9170
3216
5338
4372
1017
3288
3660
966
7923
11048
5149
3541
10010
850
10889
7760
3804
1563
10658
7657
4979
6233
8344
5764
8374
997
11167
9113
7712
4907
6226
5930
3150
8037
6249
9758
2927
6281
11245
10983
7837
9741
7938
2386
10114
3398
2370
5364
9550
3976
9006
8814
9270
9476
9961
3488
9567
1798
6628
10722
2560
2225
5047
5964
3163
10188
5740
8434
4960
5865
4579
4470
11069
10571
1373
1798
11922
3748
9431
10935
8117
11540
2274
2345
7124
1538
6951
5721
5587
5206
5095
8902
4322
11839
8877
2456
6844
7593
11468
1823
383
10211
2380
10207
2773
6504
3237
2014
7527
11492
7072
655
8582
3280
10168
3928
11829
10350
1737
2943
2522
1871
11419
2691
8025
976
3611
7879
2048
5639
3069
2539
11682
5858
9994
2155
11990
1323
3014
4742
758
10537
6991
258
2281
8581
7507
173
5618
4290
1185
4747
3766
532
655
6709
5539
5641
9032
8565
5668
7720
1169
2619
763
2631
1781
61
1234
923
1651
6135
8133
4774
10714
6383
3126
3233
6728
2351
7368
10609
496
9936
9092
8814
7331
9640
17
9780
9445
7553
9467
8781
7397
4753
10148
9560
2506
5064
11056
7605
6316
4778
2806
6748
1737
6933
6933
471
11404
7127
11298
8844
6094
3636
4725
5015
1700
7712
11351
7450
7317
10446
898
3860
7394
8511
7178
1797
3719
10300
7625
5365
4165
664
5516
5322
656
4428
1748
1020
8749
8286
670
7239
1505
5398
4420
8905
9009
5178
616
7990
7914
2270
10929
11631
828
11580
7209
10530
3149
2511
9299
8192
11101
9173
10538
8349
3313
6361
5169
6139
1136
11472
485
2162
254
302
9533
11513
3757
5795
1524
8183
6933
11325
8868
4946
10405
1989
7814
11910
11084
2645
201
3357
3536
6060
10632
4337
5924
6554
8667
9661
4607
3907
1187
522
5742
5066
8096
3926
10958
7306
2869
3428
5145
8043
4184
381
9879
1340
9982
10960
11764
1464
2792
5707
9151
7428
991
11117
9221
5513
8918
5037
2380
11132
5357
9188
10142
5148
892
9077
6404
10920
1980
1908
2027
10843
7336
6774
11063
3043
6312
8500
11763
6151
9444
6961
8660
8710
10190
7514
1586
9784
6120
7382
9369
731
5417
3406
8277
2856
6528
8539
11921
9792
1166
5755
4400
2986
5595
773
9846
9539
8221
7057
7377
5912
1018
11997
8574
10653
2136
12
5190
10307
5321
6512
7689
5064
326
6220
2512
8448
9511
4322
1641
4503
7170
7222
2068
8431
1867
1378
7199
539
4137
7794
3012
585
4434
6151
8955
294
9018
8423
5127
11774
8743
6992
5169
6997
3280
2885
10640
10242
7319
11661
3252
9543
9614
11847
6451
2691
8519
3479
9188
246
4699
10416
8568
8244
9248
9507
10187
6945
3255
6555
1553
4981
11103
11179
868
8631
4412
2289
4768
7719
479
6810
10270
2788
10451
4624
8225
6687
8202
10406
5990
3594
6957
4096
3830
3802
7227
2188
10730
5167
446
9879
4822
2189
9943
5259
1579
7036
8491
5370
9203
11627
9639
9837
5293
9985
8413
3170
9956
3603
1677
9469
1896
1470
9573
9391
1851
4622
10919
8655
7887
759
9318
10199
9623
3471
6948
8300
5350
8977
3618
532
9340
11093
11643
2416
10268
225
10460
5893
1740
2745
10637
10498
334
8951
7017
3159
7339
3117
3231
4992
1563
11731
8677
9319
8115
2076
276
4284
11987
649
4933
10067
7549
3719
10604
4619
7748
433
10230
3158
11834
10393
11533
3391
3871
531
10769
2477
2047
10358
10002
9208
1028
4288
11355
7710
6068
4780
3876
9157
572
4404
5306
7567
10060
4697
3981
10709
9158
8841
5488
3459
4301
3657
4397
2654
5228
4354
1515
7560
5155
6682
7577
6520
10676
11810
11162
8178
5992
7243
9818
8872
5971
6483
1039
6350
4852
10908
11649
11936
6056
7471
6575
2584
7639
3334
666
10945
5296
7440
4349
7680
4660
3290
1382
9655
6791
4833
4832
10535
5283
8362
1615
8428
6348
7746
8568
6869
2536
4028
11977
10325
8392
1617
11857
3782
6422
5763
2008
9617
10139
7920
10973
2079
11762
10861
11498
2138
1307
4027
4976
9262
9353
3630
6545
11916
5675
5402
160
7137
8247
4636
902
11474
1772
2322
10175
4936
3935
1678
6145
258
7014
10267
892
11894
10250
11153
1234
4586
568
4180
8028
6181
11770
5489
6979
5560
11244
1743
10609
4141
8526
9321
5999
8342
3718
11863
10294
725
3812
10068
3677
1239
3379
11522
1617
11068
4890
3607
701
1
3091
9176
1194
2123
1393
6686
10703
3763
2181
3868
6942
10264
9210
2780
7560
4047
2934
227
1351
11794
6672
7028
1906
11255
8904
2526
7864
4274
811
6956
5392
6063
328
9976
8406
3592
8509
6630
4242
2146
8954
2419
1114
697
4316
8932
6668
1655
9561
4593
306
8926
9755
1618
3663
11866
8483
8153
11750
11830
9891
3829
9745
6423
4428
1600
7264
8436
9970
4744
5186
5594
3889
1309
9705
7862
7929
1019
266
8975
445
3816
6390
8203
9560
6715
1127
9043
10250
10539
11997
9615
144
8358
7730
4995
6997
3104
4992
6516
5333
8824
9511
11298
10676
2453
4625
2828
5091
6711
7239
10351
11395
11901
6554
1180
7482
872
8654
5706
583
7310
2127
3992
4108
4779
8414
11253
863
8563
9382
7372
11988
10393
1909
6798
887
5499
10811
7730
1682
214
1481
1457
4444
6489
7921
8048
6446
1172
2599
1275
10123
819
9663
1722
2231
9042
6537
4517
4832
1054
2748
10891
3306
11057
5105
7026
9483
10557
2922
7184
5313
1374
3974
3085
2116
4333
1231
1808
10547
7081
8141
6205
2781
2366
6328
6884
1257
1416
4090
9253
7458
5629
2869
4975
5765
3860
187
10347
1329
11932
9044
6710
9209
9781
9859
5945
8682
7784
11293
3431
3685
7308
9106
11534
7752
3441
1246
8789
7613
6091
10885
5360
9796
1303
6946
2211
7096
5637
5926
5607
4704
6850
1388
10145
3097
1879
2514
2453
6424
2265
6433
34
3203
1658
4794
9424
2525
9943
5138
8906
3796
5788
132
9469
11170
4032
10544
7535
11411
8376
5104
6170
7811
7194
5986
64
11090
3067
6625
9524
2897
4757
2945
10042
8521
1887
9798
4704
2899
7420
9522
2772
11762
3361
11013
3230
9932
8690
5546
904
1349
5566
5836
2965
2292
6232
11392
5197
580
6805
260
10368
9190
7276
4538
7361
775
11558
8836
5414
11988
1290
4916
913
3307
2404
2252
8610
7224
6055
5100
6963
11204
9559
9894
4529
5740
8345
385
2847
10118
4722
9946
7281
9189
7356
4785
4540
5454
8898
10566
4345
8237
82
2030
4764
5459
2857
8695
10181
1739
2786
11569
11711
11067
11919
8032
8045
3206
1761
8661
4308
4305
7721
4741
5437
3837
5525
4576
6945
2036
4650
8419
11588
8434
1656
7974
9582
4862
11610
882
418
11487
8405
11479
2169
9962
6783
2311
9393
11716
6285
6538
11283
7675
10080
9310
11684
10395
5793
8563
5922
4624
6933
4417
6069
1721
6442
5448
10371
11166
8109
11620
3989
2548
1274
9471
9052
5980
5214
7421
4186
3781
4027
11653
11301
1587
4565
3996
333
4709
7124
611
10969
1583
1094
11999
10099
6604
9666
6951
10791
3407
8963
1559
9049
845
5583
5247
8433
11421
4557
7008
3816
1905
5135
662
138
4107
528
7898
1954
10465
9923
6247
901
6178
4563
1847
10913
10966
8580
3970
11085
11403
3547
3764
9532
2895
3321
9520
6411
8923
8794
8995
6497
8104
8526
3937
7232
8895
9019
8943
3170
11455
1514
2109
10020
2210
4712
6709
5214
11080
695
3188
10992
8131
607
7293
2443
9578
5265
2967
6782
6608
3899
7909
7307
8412
1612
11269
4100
11096
6885
4960
5444
10835
4618
8397
1281
651
7708
1221
10717
5620
9011
5678
3664
9122
5872
11766
157
2895
4954
6171
5704
210
8196
10204
11233
4393
11037
564
7761
222
11881
11757
2880
9393
8839
4317
6463
3284
6368
736
8690
4671
2246
1103
8587
6842
2649
944
9702
9733
7675
8578
1366
10218
5709
2585
1211
11656
401
5543
7148
4041
4773
2192
11010
10804
1140
2539
5333
5337
11017
7143
9498
5741
10066
918
11499
4083
7437
3301
3061
622
2437
8439
6657
2009
2527
7334
5170
1364
10996
6442
531
3463
10443
4247
2589
5895
11325
6638
11816
1121
11340
5695
1146
8777
1320
2566
3305
2345
8530
11599
10462
7502
8958
7767
4831
986
2147
8631
10077
747
5531
3712
11931
6428
1997
10106
2388
7906
4518
7546
7165
4666
1242
833
8823
10171
5264
4678
9997
5228
3619
1460
667
4479
7642
10277
4179
6717
7842
1881
10977
4614
2870
10715
2541
4790
11866
8226
4987
6754
4647
7003
8125
1358
6697
7007
1442
11774
7795
1273
5573
813
4404
944
4272
7593
4558
10344
11694
6066
4005
10037
3039
9862
11752
1426
1142
6206
5916
6411
3569
10290
4922
8004
6104
10578
8611
6503
5186
8909
6684
2957
7951
7056
8194
7120
11993
9575
3426
8947
9740
1335
516
6925
596
4992
3533
5131
9520
9024
551
9889
9709
4565
1314
8249
5339
7333
672
6268
4049
5382
9801
1123
9892
166
8513
1642
7965
1611
4592
8620
7721
5400
8086
11567
11190
10616
7908
129
6890
4165
2819
2383
4172
1089
5038
8594
4066
2899
2206
1730
11382
7491
348
7147
8916
1998
8710
5322
6031
10101
7009
11399
745
3846
4620
5506
613
2974
7643
2426
5305
4015
1519
2187
10704
3096
10035
494
2686
8454
2036
3629
432
9042
1091
10591
4217
2440
2559
3704
5037
4425
1222
7776
3297
4102
572
9131
4952
8440
4310
1438
81
2306
9303
1242
4823
10802
11445
4463
2933
1716
1335
7833
5886
3359
9587
400
8585
4795
5867
7642
7123
11701
1342
4644
1905
3583
11298
4999
5632
9039
3013
6689
7212
9011
11785
3206
5616
5667
3099
3510
10044
4579
11479
4170
415
10294
8420
1104
3323
2171
7081
8868
3018
6549
8034
8247
6807
8823
8410
8162
11458
6955
118
1513
7788
4221
3643
4530
2527
9660
1987
11602
1927
7750
6907
246
2218
10240
2424
4012
4163
4868
4888
10572
8332
7852
10490
10129
10619
9611
6136
7489
11657
8044
9988
7748
3414
3039
3728
2534
5155
3519
3749
1100
9324
6388
975
274
5564
1146
10920
9417
10188
10761
829
972
6850
10517
3414
86
10005
4133
6674
5990
3923
8347
10709
9438
2628
3463
1169
6480
43
4011
1149
1218
6986
2735
4811
10894
10332
10522
2942
11790
3744
2694
6896
1890
4822
4237
7001
6112
6342
3100
8545
4144
1459
7599
821
11533
10317
9275
475
3644
6473
196
5558
7469
11835
11759
1169
2002
6558
2456
3472
11985
1364
8859
8142
328
4260
7255
5917
5349
9393
893
5952
10217
7019
1743
11053
5588
8138
7925
9644
394
3259
687
11434
2113
4138
9787
5287
2569
9976
3623
10664
8433
11682
10186
286
3039
3229
7120
11282
6038
7967
9696
3131
5593
1954
2440
11047
10462
9931
11422
7267
6263
2539
11913
11802
1606
7669
6143
8741
7470
4564
4300
83
3343
8354
6732
6317
10102
11138
455
5647
464
3595
632
7711
9092
10251
11584
11092
8014
145
4214
8633
9022
6569
7382
4734
11053
4879
9785
10302
7303
8082
6373
3926
11902
1971
3062
104
3497
7037
11718
10978
4912
11194
3902
3069
300
9580
10808
10856
1808
7249
2084
2838
753
3515
7939
2834
5653
11066
10941
1789
9219
8616
2354
1261
2474
6984
8643
992
10680
8907
6958
3632
6609
2733
7920
7681
1887
1333
2002
11112
6809
150
6026
885
6928
2247
9030
9710
11150
7542
1744
4926
744
127
5386
3252
7799
11616
5224
3420
3157
1954
2582
342
9677
9906
5450
5482
8938
11670
2820
4473
6080
3617
7141
2794
10478
10130
6963
11463
7282
9799
11874
3198
599
8984
10261
9391
11191
10782
1226
5514
2054
1902
9116
3195
84
1798
6743
11221
5271
11560
9194
5118
6487
694
6519
3703
10873
1819
4173
7162
2231
6678
3188
8706
4531
3518
5431
2729
3739
6008
5128
4702
6698
1286
1967
7613
9587
5549
7674
6815
6765
7825
8846
9527
1393
6117
2125
2978
2188
11053
5477
6327
2071
10539
7362
20
6132
10554
16
8106
8506
8349
1857
8316
10187
2745
3182
1333
2688
2029
8879
703
11684
5185
9797
8209
8359
10736
2690
4318
2186
9444
5343
5409
7217
2428
2525
7041
8669
6963
5817
9383
11728
8305
4167
11195
5964
7314
10210
2389
6580
4500
1890
6205
2000
7295
11884
432
1845
932
8593
6856
387
4274
2146
3268
11877
241
8899
6847
3900
6199
10330
1668
5012
8739
11034
295
9394
5718
11670
4091
4096
8288
6274
10878
7716
8795
5265
11954
4906
5032
7751
11270
5142
7284
3433
7658
6497
9898
7428
2557
1905
3846
757
10552
6536
797
5038
10290
10335
8665
6104
7006
9659
3448
1768
8865
6193
2348
7935
7756
3893
10731
10503
4885
9711
6471
10184
8704
7212
3507
5425
9183
3907
10159
3014
6336
1250
2826
751
2182
715
8138
11743
5937
4230
2433
7415
259
4475
684
10238
11768
10154
5505
3501
9778
9333
879
4073
3385
4299
8535
9202
6484
2100
1604
3749
1263
4072
6290
122
8904
5105
1690
7270
3906
5260
10764
7704
5451
4608
1646
6377
1601
4728
8035
2590
1888
9304
2392
9731
11010
9619
7971
11707
2824
6466
7409
7349
5748
6090
8689
10868
7923
6292
7734
7579
5134
7636
694
1704
10492
7970
4229
4926
10282
6050
6621
703
1117
46
4527
4006
7706
11073
11501
7163
6027
2608
7098
11953
11607
7760
1477
7856
852
5855
11839
10539
11019
11632
7880
7202
11441
10592
3625
6341
2976
8648
8600
2741
8435
7189
2227
8226
7889
2046
9670
8704
9232
8566
11041
463
2291
7104
8980
5493
48
3739
21
6752
7120
5858
3047
7838
1730
1481
1264
7475
8724
8839
8765
3461
5990
637
2654
3461
4754
1859
3051
9013
3746
2647
11993
6558
2113
2912
10313
1111
6223
4830
7037
4319
1134
1209
6661
11244
10509
11950
5862
9086
3170
9433
8785
4366
8210
10647
2982
4783
9748
7219
10417
3954
6905
10248
11637
3705
8479
939
8299
5354
1049
4524
11675
8600
3880
7815
2591
2179
10
11935
1457
2349
10291
3432
3618
9588
7909
6905
7190
6529
11054
6666
7903
7214
8925
1678
2128
1167
11121
11105
5389
3564
2758
1311
3053
4976
1276
2989
10782
6666
5899
1325
2458
6372
3131
8725
6932
778
9392
8592
9855
2563
7071
10022
3179
7938
6759
8985
10639
11020
2325
11695
6574
4171
4755
339
1907
4609
1322
10175
6920
3131
4630
8281
3683
702
11526
9790
7526
10990
4563
5469
6945
9538
6896
8844
4615
3365
4953
5777
2896
6162
2161
557
1310
6075
1219
7994
884
9207
79
902
1103
4534
11803
6567
5406
4840
4838
10394
740
9568
28
1943
9612
9156
9799
11867
5451
10464
7499
6050
5731
1326
2718
1300
8432
5037
3708
5473
3839
2782
10650
3729
11503
11513
3518
3866
5399
4751
5688
5292
10880
6034
11200
4144
985
1430
11711
11460
6963
8574
695
10010
4615
5088
11328
498
4070
3062
768
9361
8123
6413
11162
194
5041
4516
8732
1112
5972
2380
2679
2923
8636
975
11407
10000
3961
948
2699
1071
8633
5036
10995
897
210
10886
800
7883
8573
8789
4535
3197
1879
4012
3744
3766
9052
10939
613
2808
21
8156
10133
3114
11493
11927
3995
2310
8003
131
3449
7677
1313
7834
9869
4810
7905
3022
6652
11549
8422
4874
4342
4057
336
3078
4507
9794
9952
7262
6895
6356
8067
512
10820
1775
7156
6265
1436
4820
6927
7500
8744
7233
11400
1231
1655
9532
363
1684
11337
8150
1150
2382
7325
126
1097
2465
527
8451
10905
4187
7235
6374
10299
8390
9686
10602
11966
5088
7431
9295
3699
4932
5949
11122
3995
8401
6419
6352
9063
2950
11477
96
7259
2169
10027
11268
2438
11141
5826
692
8495
2774
1570
2028
1619
4758
6587
7772
317
10106
2016
1594
6227
3925
8485
11605
5081
1073
9805
10890
840
5804
4094
7757
1139
7269
9004
8604
597
9948
348
5196
8392
1579
9467
7351
1687
7118
8016
11647
5073
5527
1669
2744
2152
8859
8316
2266
10682
4163
11893
2924
9435
6143
11837
661
986
2285
2431
5088
2069
369
3945
8318
8019
6786
483
4569
7956
1019
5837
1470
4990
10942
2415
5016
8645
7257
3426
1469
7035
11412
7057
1210
6031
5796
3216
11691
5717
7770
6709
5075
2896
8286
9353
1037
6219
9352
7520
8425
11724
10568
7013
9063
7131
5215
9928
6997
5196
11050
4299
6798
5759
22
2816
9308
798
529
7828
2285
6894
5620
4065
4901
6965
6740
2175
6909
3928
1134
3180
1503
5173
3945
6336
9531
281
9368
643
3664
1408
4833
7401
513
10022
8294
5691
408
3438
7060
6594
6637
3635
11452
1165
8456
11295
9698
7860
5009
7838
6035
7118
4553
3409
5910
10159
6958
7373
4464
5856
3461
11793
5132
7660
5997
7706
263
10063
1151
10726
9071
4984
2895
8538
6002
6711
9756
6336
810
9685
11890
1064
6133
4403
5815
9510
9318
3128
3104
8899
8503
6831
371
9559
2662
1947
3205
3580
9338
2025
10455
9054
2217
1249
3360
8594
1501
57
2518
3257
9172
1734
10522
820
2824
10867
1341
6569
9629
1908
5109
1329
299
906
8990
3410
3592
7555
3113
6465
8933
2240
5340
3973
6141
5653
3684
1110
3069
10802
4736
4242
8089
8880
2248
11076
8954
9465
2323
731
6420
3917
192
10534
2371
10599
6603
9334
1804
11681
5168
7402
2110
3793
9750
4736
7484
2700
7074
8622
9097
9407
2253
11781
8837
1765
1732
2236
7958
9630
9415
7242
7899
11056
5343
197
10832
11713
10255
1396
2156
7906
5737
8821
6213
9052
10378
11842
1896
370
3484
815
2639
4794
3339
4964
1422
6777
10906
1798
11996
1626
2057
3490
2413
8438
33
11235
270
8438
831
9535
10743
11674
9555
8707
4503
9518
7494
7578
3050
10342
11822
11443
5792
951
258
2775
6343
3037
7922
8028
3091
9906
2800
5048
4961
6120
5903
4217
3640
3465
6123
4353
4160
6774
8176
11772
8796
4684
8762
9563
6651
7234
5141
6244
5088
4543
5851
10383
9356
2375
11098
2623
9263
5466
629
716
10708
11834
1473
4780
3148
7081
6910
908
9762
2823
9423
7618
5103
11888
2069
7290
5449
10823
6847
5859
11880
11509
9103
4436
7232
310
1870
2383
3669
1201
9291
10565
11494
6713
7832
49
4138
1283
2029
9512
8928
11740
9833
11909
10260
7170
3350
9669
7253
3283
9891
7751
5726
8678
5720
5353
8522
2035
6743
5878
10738
6261
8614
2980
3346
8028
9342
6053
3981
2878
4449
1515
11320
3233
6110
2536
11572
1130
11409
11571
7938
5412
6972
7122
778
2364
7706
8618
1314
3391
2233
3113
11306
7406
8834
6704
8993
2914
9339
6147
11956
9592
4350
10109
147
7274
9575
2788
5443
9775
1745
11369
3461
11866
11735
8830
7168
1978
7933
3075
8003
10852
2823
201
6756
1359
9919
9876
7373
5102
4827
422
145
9173
7191
6110
425
3585
3610
11516
3019
4386
7377
7483
4870
1385
10969
6307
7395
6633
7715
4216
11044
4507
7911
11025
2155
6168
11893
6082
10146
6648
182
10132
1312
3497
2787
4760
6239
6112
113
8305
2819
8365
10665
9922
8316
10024
3811
11482
7713
6747
11388
6476
1717
33
11756
3913
4386
3554
4161
7390
9208
4668
11849
1107
5794
11677
9383
7514
7008
6514
2944
9639
2376
5091
6138
6827
4068
3388
7938
3692
8513
650
11876
10530
7892
5685
4432
7298
11290
4270
5832
400
11201
7062
4039
2172
5386
4161
730
6836
4741
4633
10376
8071
872
4781
6317
6015
520
3857
8773
1602
1716
2188
3272
5580
4785
6268
11771
2394
3798
8459
1043
1281
3025
5247
7435
10563
4230
7845
4156
5991
10302
5985
8542
10390
4774
6340
2538
7520
3204
4821
7681
6126
7155
3330
8409
2652
8724
10125
6320
10857
1072
5003
9285
5818
4350
9892
884
8350
8699
10174
9642
5837
6673
10232
3886
6789
473
10219
776
3136
8806
7906
1166
6342
3966
11776
1435
10885
5910
3109
1284
5459
10641
9885
2727
2453
3127
5642
99
5849
8285
10249
1895
6621
11213
2667
10611
3034
1917
10270
474
2964
2170
3209
11076
410
8968
7554
1386
4829
4175
1572
3476
3750
5533
11541
6537
327
2099
4849
5360
4045
7484
933
7427
768
8921
8694
5130
7628
5251
601
358
4950
4318
525
9797
7494
2058
10636
764
2735
3750
341
5270
8732
419
3215
10210
328
8317
8310
210
8006
688
1954
620
4677
8697
7306
3514
9985
6454
9433
7273
3429
3454
3578
4455
10672
10591
7537
5106
3848
7021
7698
3546
522
10744
6316
1891
5126
1645
4986
1157
7303
10064
15
4810
9513
6606
3571
9940
9595
9973
3953
11995
672
8983
11254
4113
10862
4770
920
3561
701
7294
11361
9643
3023
2866
775
5698
8225
2278
10743
2371
7430
6446
11895
4355
7000
135
810